lcl_NZ_AYEK01000001.1_prot_WP_001300563.1_15	lcl_NZ_AYEK01000001.1_prot_WP_001300563.1_2565	100.000	370	0	0	1	370	1	370	0.0	753	370	370
lcl_NZ_AYEK01000001.1_prot_WP_001300563.1_15	lcl_NZ_AYEK01000001.1_prot_WP_001300563.1_625	100.000	370	0	0	1	370	1	370	0.0	753	370	370
lcl_NZ_AYEK01000001.1_prot_WP_000197389.1_255	lcl_NZ_AYEK01000001.1_prot_WP_000197391.1_2809	97.802	273	6	0	1	273	1	273	0.0	553	273	273
lcl_NZ_AYEK01000001.1_prot_WP_001254938.1_259	lcl_NZ_AYEK01000001.1_prot_WP_001254932.1_4516	99.739	383	1	0	1	383	1	383	0.0	787	383	383
lcl_NZ_AYEK01000001.1_prot_WP_001254938.1_259	lcl_NZ_AYEK01000001.1_prot_WP_001254932.1_1503	99.739	383	1	0	1	383	1	383	0.0	787	383	383
lcl_NZ_AYEK01000001.1_prot_WP_071594930.1_264	lcl_NZ_AYEK01000001.1_prot_WP_001407525.1_2350	100.000	35	0	0	2	36	6	40	1.65e-21	73.9	36	40
lcl_NZ_AYEK01000001.1_prot_WP_010723085.1_265	lcl_NZ_AYEK01000001.1_prot_WP_010723085.1_3700	100.000	338	0	0	1	338	1	338	0.0	708	338	338
lcl_NZ_AYEK01000001.1_prot_WP_010723085.1_265	lcl_NZ_AYEK01000001.1_prot_WP_010723085.1_3400	100.000	338	0	0	1	338	1	338	0.0	708	338	338
lcl_NZ_AYEK01000001.1_prot_WP_010723085.1_265	lcl_NZ_AYEK01000001.1_prot_WP_010723085.1_3155	100.000	338	0	0	1	338	1	338	0.0	708	338	338
lcl_NZ_AYEK01000001.1_prot_WP_010723085.1_265	lcl_NZ_AYEK01000001.1_prot_WP_010723085.1_2351	100.000	338	0	0	1	338	1	338	0.0	708	338	338
lcl_NZ_AYEK01000001.1_prot_WP_010723085.1_265	lcl_NZ_AYEK01000001.1_prot_WP_010723085.1_2175	100.000	338	0	0	1	338	1	338	0.0	708	338	338
lcl_NZ_AYEK01000001.1_prot_WP_010723085.1_265	lcl_NZ_AYEK01000001.1_prot_WP_010723085.1_1422	100.000	338	0	0	1	338	1	338	0.0	708	338	338
lcl_NZ_AYEK01000001.1_prot_WP_010723085.1_265	lcl_NZ_AYEK01000001.1_prot_WP_010723085.1_707	100.000	338	0	0	1	338	1	338	0.0	708	338	338
lcl_NZ_AYEK01000001.1_prot_WP_010723085.1_265	lcl_NZ_AYEK01000001.1_prot_WP_010723085.1_583	100.000	338	0	0	1	338	1	338	0.0	708	338	338
lcl_NZ_AYEK01000001.1_prot_WP_010723085.1_265	lcl_NZ_AYEK01000001.1_prot_WP_001310555.1_2133	99.408	338	2	0	1	338	1	338	0.0	704	338	338
lcl_NZ_AYEK01000001.1_prot_WP_010723085.1_265	lcl_NZ_AYEK01000001.1_prot_WP_000019448.1_1467	98.154	325	6	0	13	337	1	325	0.0	669	338	326
lcl_NZ_AYEK01000001.1_prot_WP_001281825.1_281	lcl_NZ_AYEK01000001.1_prot_WP_000012931.1_4484	87.725	334	41	0	1	334	1	334	0.0	619	334	334
lcl_NZ_AYEK01000001.1_prot_WP_010723085.1_583	lcl_NZ_AYEK01000001.1_prot_WP_010723085.1_3700	100.000	338	0	0	1	338	1	338	0.0	708	338	338
lcl_NZ_AYEK01000001.1_prot_WP_010723085.1_583	lcl_NZ_AYEK01000001.1_prot_WP_010723085.1_3400	100.000	338	0	0	1	338	1	338	0.0	708	338	338
lcl_NZ_AYEK01000001.1_prot_WP_010723085.1_583	lcl_NZ_AYEK01000001.1_prot_WP_010723085.1_3155	100.000	338	0	0	1	338	1	338	0.0	708	338	338
lcl_NZ_AYEK01000001.1_prot_WP_010723085.1_583	lcl_NZ_AYEK01000001.1_prot_WP_010723085.1_2351	100.000	338	0	0	1	338	1	338	0.0	708	338	338
lcl_NZ_AYEK01000001.1_prot_WP_010723085.1_583	lcl_NZ_AYEK01000001.1_prot_WP_010723085.1_2175	100.000	338	0	0	1	338	1	338	0.0	708	338	338
lcl_NZ_AYEK01000001.1_prot_WP_010723085.1_583	lcl_NZ_AYEK01000001.1_prot_WP_010723085.1_1422	100.000	338	0	0	1	338	1	338	0.0	708	338	338
lcl_NZ_AYEK01000001.1_prot_WP_010723085.1_583	lcl_NZ_AYEK01000001.1_prot_WP_010723085.1_707	100.000	338	0	0	1	338	1	338	0.0	708	338	338
lcl_NZ_AYEK01000001.1_prot_WP_010723085.1_583	lcl_NZ_AYEK01000001.1_prot_WP_010723085.1_265	100.000	338	0	0	1	338	1	338	0.0	708	338	338
lcl_NZ_AYEK01000001.1_prot_WP_010723085.1_583	lcl_NZ_AYEK01000001.1_prot_WP_001310555.1_2133	99.408	338	2	0	1	338	1	338	0.0	704	338	338
lcl_NZ_AYEK01000001.1_prot_WP_010723085.1_583	lcl_NZ_AYEK01000001.1_prot_WP_000019448.1_1467	98.154	325	6	0	13	337	1	325	0.0	669	338	326
lcl_NZ_AYEK01000001.1_prot_WP_000839596.1_586	lcl_NZ_AYEK01000001.1_prot_WP_000839590.1_1673	94.366	71	4	0	1	71	1	71	1.29e-45	137	71	71
lcl_NZ_AYEK01000001.1_prot_WP_000453566.1_595	lcl_NZ_AYEK01000001.1_prot_WP_000453612.1_1663	98.864	176	2	0	1	176	1	176	1.99e-128	355	181	189
lcl_NZ_AYEK01000001.1_prot_WP_001300563.1_625	lcl_NZ_AYEK01000001.1_prot_WP_001300563.1_2565	100.000	370	0	0	1	370	1	370	0.0	753	370	370
lcl_NZ_AYEK01000001.1_prot_WP_001300563.1_625	lcl_NZ_AYEK01000001.1_prot_WP_001300563.1_15	100.000	370	0	0	1	370	1	370	0.0	753	370	370
lcl_NZ_AYEK01000001.1_prot_WP_010723085.1_707	lcl_NZ_AYEK01000001.1_prot_WP_010723085.1_3700	100.000	338	0	0	1	338	1	338	0.0	708	338	338
lcl_NZ_AYEK01000001.1_prot_WP_010723085.1_707	lcl_NZ_AYEK01000001.1_prot_WP_010723085.1_3400	100.000	338	0	0	1	338	1	338	0.0	708	338	338
lcl_NZ_AYEK01000001.1_prot_WP_010723085.1_707	lcl_NZ_AYEK01000001.1_prot_WP_010723085.1_3155	100.000	338	0	0	1	338	1	338	0.0	708	338	338
lcl_NZ_AYEK01000001.1_prot_WP_010723085.1_707	lcl_NZ_AYEK01000001.1_prot_WP_010723085.1_2351	100.000	338	0	0	1	338	1	338	0.0	708	338	338
lcl_NZ_AYEK01000001.1_prot_WP_010723085.1_707	lcl_NZ_AYEK01000001.1_prot_WP_010723085.1_2175	100.000	338	0	0	1	338	1	338	0.0	708	338	338
lcl_NZ_AYEK01000001.1_prot_WP_010723085.1_707	lcl_NZ_AYEK01000001.1_prot_WP_010723085.1_1422	100.000	338	0	0	1	338	1	338	0.0	708	338	338
lcl_NZ_AYEK01000001.1_prot_WP_010723085.1_707	lcl_NZ_AYEK01000001.1_prot_WP_010723085.1_583	100.000	338	0	0	1	338	1	338	0.0	708	338	338
lcl_NZ_AYEK01000001.1_prot_WP_010723085.1_707	lcl_NZ_AYEK01000001.1_prot_WP_010723085.1_265	100.000	338	0	0	1	338	1	338	0.0	708	338	338
lcl_NZ_AYEK01000001.1_prot_WP_010723085.1_707	lcl_NZ_AYEK01000001.1_prot_WP_001310555.1_2133	99.408	338	2	0	1	338	1	338	0.0	704	338	338
lcl_NZ_AYEK01000001.1_prot_WP_010723085.1_707	lcl_NZ_AYEK01000001.1_prot_WP_000019448.1_1467	98.154	325	6	0	13	337	1	325	0.0	669	338	326
lcl_NZ_AYEK01000001.1_prot_WP_000015200.1_745	lcl_NZ_AYEK01000001.1_prot_WP_000015300.1_3802	96.417	1256	45	0	1	1256	1	1256	0.0	2475	1397	1377
lcl_NZ_AYEK01000001.1_prot_WP_000015200.1_745	lcl_NZ_AYEK01000001.1_prot_WP_000015298.1_3672	96.332	1254	46	0	1	1254	1	1254	0.0	2467	1397	1411
lcl_NZ_AYEK01000001.1_prot_WP_014639858.1_750	lcl_NZ_AYEK01000001.1_prot_WP_000420980.1_3675	97.734	353	8	0	1	353	26	378	0.0	715	353	378
lcl_NZ_AYEK01000001.1_prot_WP_014639858.1_750	lcl_NZ_AYEK01000001.1_prot_WP_000421020.1_1568	97.167	353	10	0	1	353	26	378	0.0	707	353	378
lcl_NZ_AYEK01000001.1_prot_WP_000213098.1_947	lcl_NZ_AYEK01000001.1_prot_WP_000213028.1_1709	94.146	205	12	0	1	205	1	205	1.62e-149	410	205	205
lcl_NZ_AYEK01000001.1_prot_WP_000170955.1_1294	lcl_NZ_AYEK01000001.1_prot_WP_000170955.1_1298	100.000	35	0	0	1	35	1	35	9.54e-21	72.0	35	35
lcl_NZ_AYEK01000001.1_prot_WP_000170955.1_1294	lcl_NZ_AYEK01000001.1_prot_WP_000170963.1_1296	94.286	35	2	0	1	35	1	35	1.96e-19	68.6	35	35
lcl_NZ_AYEK01000001.1_prot_WP_001329352.1_1295	lcl_NZ_AYEK01000001.1_prot_WP_071525568.1_1297	90.164	61	6	0	1	61	5	65	4.30e-36	112	61	65
lcl_NZ_AYEK01000001.1_prot_WP_000170963.1_1296	lcl_NZ_AYEK01000001.1_prot_WP_000170955.1_1298	94.286	35	2	0	1	35	1	35	1.96e-19	68.6	35	35
lcl_NZ_AYEK01000001.1_prot_WP_000170963.1_1296	lcl_NZ_AYEK01000001.1_prot_WP_000170955.1_1294	94.286	35	2	0	1	35	1	35	1.96e-19	68.6	35	35
lcl_NZ_AYEK01000001.1_prot_WP_071525568.1_1297	lcl_NZ_AYEK01000001.1_prot_WP_001329352.1_1295	90.164	61	6	0	5	65	1	61	4.58e-36	112	65	61
lcl_NZ_AYEK01000001.1_prot_WP_000170955.1_1298	lcl_NZ_AYEK01000001.1_prot_WP_000170955.1_1294	100.000	35	0	0	1	35	1	35	9.54e-21	72.0	35	35
lcl_NZ_AYEK01000001.1_prot_WP_000170955.1_1298	lcl_NZ_AYEK01000001.1_prot_WP_000170963.1_1296	94.286	35	2	0	1	35	1	35	1.96e-19	68.6	35	35
lcl_NZ_AYEK01000001.1_prot_WP_000807651.1_1340	lcl_NZ_AYEK01000001.1_prot_WP_001273658.1_1064	86.792	53	7	0	1	53	1	53	3.76e-27	89.7	59	57
lcl_NZ_AYEK01000001.1_prot_WP_010723085.1_1422	lcl_NZ_AYEK01000001.1_prot_WP_010723085.1_3700	100.000	338	0	0	1	338	1	338	0.0	708	338	338
lcl_NZ_AYEK01000001.1_prot_WP_010723085.1_1422	lcl_NZ_AYEK01000001.1_prot_WP_010723085.1_3400	100.000	338	0	0	1	338	1	338	0.0	708	338	338
lcl_NZ_AYEK01000001.1_prot_WP_010723085.1_1422	lcl_NZ_AYEK01000001.1_prot_WP_010723085.1_3155	100.000	338	0	0	1	338	1	338	0.0	708	338	338
lcl_NZ_AYEK01000001.1_prot_WP_010723085.1_1422	lcl_NZ_AYEK01000001.1_prot_WP_010723085.1_2351	100.000	338	0	0	1	338	1	338	0.0	708	338	338
lcl_NZ_AYEK01000001.1_prot_WP_010723085.1_1422	lcl_NZ_AYEK01000001.1_prot_WP_010723085.1_2175	100.000	338	0	0	1	338	1	338	0.0	708	338	338
lcl_NZ_AYEK01000001.1_prot_WP_010723085.1_1422	lcl_NZ_AYEK01000001.1_prot_WP_010723085.1_707	100.000	338	0	0	1	338	1	338	0.0	708	338	338
lcl_NZ_AYEK01000001.1_prot_WP_010723085.1_1422	lcl_NZ_AYEK01000001.1_prot_WP_010723085.1_583	100.000	338	0	0	1	338	1	338	0.0	708	338	338
lcl_NZ_AYEK01000001.1_prot_WP_010723085.1_1422	lcl_NZ_AYEK01000001.1_prot_WP_010723085.1_265	100.000	338	0	0	1	338	1	338	0.0	708	338	338
lcl_NZ_AYEK01000001.1_prot_WP_010723085.1_1422	lcl_NZ_AYEK01000001.1_prot_WP_001310555.1_2133	99.408	338	2	0	1	338	1	338	0.0	704	338	338
lcl_NZ_AYEK01000001.1_prot_WP_010723085.1_1422	lcl_NZ_AYEK01000001.1_prot_WP_000019448.1_1467	98.154	325	6	0	13	337	1	325	0.0	669	338	326
lcl_NZ_AYEK01000001.1_prot_WP_001169151.1_1450	lcl_NZ_AYEK01000001.1_prot_WP_000379575.1_1689	85.714	49	7	0	1	49	1	49	6.07e-28	91.3	51	51
lcl_NZ_AYEK01000001.1_prot_WP_000019448.1_1467	lcl_NZ_AYEK01000001.1_prot_WP_010723085.1_3700	98.154	325	6	0	1	325	13	337	0.0	669	326	338
lcl_NZ_AYEK01000001.1_prot_WP_000019448.1_1467	lcl_NZ_AYEK01000001.1_prot_WP_010723085.1_3400	98.154	325	6	0	1	325	13	337	0.0	669	326	338
lcl_NZ_AYEK01000001.1_prot_WP_000019448.1_1467	lcl_NZ_AYEK01000001.1_prot_WP_010723085.1_3155	98.154	325	6	0	1	325	13	337	0.0	669	326	338
lcl_NZ_AYEK01000001.1_prot_WP_000019448.1_1467	lcl_NZ_AYEK01000001.1_prot_WP_010723085.1_2351	98.154	325	6	0	1	325	13	337	0.0	669	326	338
lcl_NZ_AYEK01000001.1_prot_WP_000019448.1_1467	lcl_NZ_AYEK01000001.1_prot_WP_010723085.1_2175	98.154	325	6	0	1	325	13	337	0.0	669	326	338
lcl_NZ_AYEK01000001.1_prot_WP_000019448.1_1467	lcl_NZ_AYEK01000001.1_prot_WP_010723085.1_1422	98.154	325	6	0	1	325	13	337	0.0	669	326	338
lcl_NZ_AYEK01000001.1_prot_WP_000019448.1_1467	lcl_NZ_AYEK01000001.1_prot_WP_010723085.1_707	98.154	325	6	0	1	325	13	337	0.0	669	326	338
lcl_NZ_AYEK01000001.1_prot_WP_000019448.1_1467	lcl_NZ_AYEK01000001.1_prot_WP_010723085.1_583	98.154	325	6	0	1	325	13	337	0.0	669	326	338
lcl_NZ_AYEK01000001.1_prot_WP_000019448.1_1467	lcl_NZ_AYEK01000001.1_prot_WP_010723085.1_265	98.154	325	6	0	1	325	13	337	0.0	669	326	338
lcl_NZ_AYEK01000001.1_prot_WP_000019448.1_1467	lcl_NZ_AYEK01000001.1_prot_WP_001310555.1_2133	97.846	325	7	0	1	325	13	337	0.0	668	326	338
lcl_NZ_AYEK01000001.1_prot_WP_001698950.1_1470	lcl_NZ_AYEK01000001.1_prot_WP_000885611.1_1661	99.476	191	1	0	1	191	1	191	8.32e-142	390	191	191
lcl_NZ_AYEK01000001.1_prot_WP_000086527.1_1471	lcl_NZ_AYEK01000001.1_prot_WP_000078177.1_1660	98.980	196	2	0	1	196	1	196	8.95e-144	395	196	196
lcl_NZ_AYEK01000001.1_prot_WP_000836770.1_1472	lcl_NZ_AYEK01000001.1_prot_WP_000836768.1_1659	98.701	77	1	0	1	77	1	77	3.62e-52	154	77	77
lcl_NZ_AYEK01000001.1_prot_WP_001254932.1_1503	lcl_NZ_AYEK01000001.1_prot_WP_001254932.1_4516	100.000	383	0	0	1	383	1	383	0.0	788	383	383
lcl_NZ_AYEK01000001.1_prot_WP_001254932.1_1503	lcl_NZ_AYEK01000001.1_prot_WP_001254938.1_259	99.739	383	1	0	1	383	1	383	0.0	787	383	383
lcl_NZ_AYEK01000001.1_prot_WP_000421020.1_1568	lcl_NZ_AYEK01000001.1_prot_WP_000420980.1_3675	97.619	378	9	0	1	378	1	378	0.0	763	378	378
lcl_NZ_AYEK01000001.1_prot_WP_000421020.1_1568	lcl_NZ_AYEK01000001.1_prot_WP_014639858.1_750	97.167	353	10	0	26	378	1	353	0.0	707	378	353
lcl_NZ_AYEK01000001.1_prot_WP_000358930.1_1602	lcl_NZ_AYEK01000001.1_prot_WP_000372240.1_3716	98.927	466	5	0	1	466	1	466	0.0	966	466	466
lcl_NZ_AYEK01000001.1_prot_WP_000836768.1_1659	lcl_NZ_AYEK01000001.1_prot_WP_000836770.1_1472	98.701	77	1	0	1	77	1	77	3.62e-52	154	77	77
lcl_NZ_AYEK01000001.1_prot_WP_000078177.1_1660	lcl_NZ_AYEK01000001.1_prot_WP_000086527.1_1471	98.980	196	2	0	1	196	1	196	8.95e-144	395	196	196
lcl_NZ_AYEK01000001.1_prot_WP_000885611.1_1661	lcl_NZ_AYEK01000001.1_prot_WP_001698950.1_1470	99.476	191	1	0	1	191	1	191	8.32e-142	390	191	191
lcl_NZ_AYEK01000001.1_prot_WP_000453612.1_1663	lcl_NZ_AYEK01000001.1_prot_WP_000453566.1_595	98.864	176	2	0	1	176	1	176	2.08e-128	355	189	181
lcl_NZ_AYEK01000001.1_prot_WP_000839590.1_1673	lcl_NZ_AYEK01000001.1_prot_WP_000839596.1_586	94.366	71	4	0	1	71	1	71	1.29e-45	137	71	71
lcl_NZ_AYEK01000001.1_prot_WP_000379575.1_1689	lcl_NZ_AYEK01000001.1_prot_WP_001169151.1_1450	85.714	49	7	0	1	49	1	49	6.07e-28	91.3	51	51
lcl_NZ_AYEK01000001.1_prot_WP_000213028.1_1709	lcl_NZ_AYEK01000001.1_prot_WP_000213098.1_947	94.146	205	12	0	1	205	1	205	1.62e-149	410	205	205
lcl_NZ_AYEK01000001.1_prot_WP_000066639.1_1735	lcl_NZ_AYEK01000001.1_prot_WP_000066707.1_4349	89.964	548	55	0	1	548	1	548	0.0	1028	548	548
lcl_NZ_AYEK01000001.1_prot_WP_001310555.1_2133	lcl_NZ_AYEK01000001.1_prot_WP_010723085.1_3700	99.408	338	2	0	1	338	1	338	0.0	704	338	338
lcl_NZ_AYEK01000001.1_prot_WP_001310555.1_2133	lcl_NZ_AYEK01000001.1_prot_WP_010723085.1_3400	99.408	338	2	0	1	338	1	338	0.0	704	338	338
lcl_NZ_AYEK01000001.1_prot_WP_001310555.1_2133	lcl_NZ_AYEK01000001.1_prot_WP_010723085.1_3155	99.408	338	2	0	1	338	1	338	0.0	704	338	338
lcl_NZ_AYEK01000001.1_prot_WP_001310555.1_2133	lcl_NZ_AYEK01000001.1_prot_WP_010723085.1_2351	99.408	338	2	0	1	338	1	338	0.0	704	338	338
lcl_NZ_AYEK01000001.1_prot_WP_001310555.1_2133	lcl_NZ_AYEK01000001.1_prot_WP_010723085.1_2175	99.408	338	2	0	1	338	1	338	0.0	704	338	338
lcl_NZ_AYEK01000001.1_prot_WP_001310555.1_2133	lcl_NZ_AYEK01000001.1_prot_WP_010723085.1_1422	99.408	338	2	0	1	338	1	338	0.0	704	338	338
lcl_NZ_AYEK01000001.1_prot_WP_001310555.1_2133	lcl_NZ_AYEK01000001.1_prot_WP_010723085.1_707	99.408	338	2	0	1	338	1	338	0.0	704	338	338
lcl_NZ_AYEK01000001.1_prot_WP_001310555.1_2133	lcl_NZ_AYEK01000001.1_prot_WP_010723085.1_583	99.408	338	2	0	1	338	1	338	0.0	704	338	338
lcl_NZ_AYEK01000001.1_prot_WP_001310555.1_2133	lcl_NZ_AYEK01000001.1_prot_WP_010723085.1_265	99.408	338	2	0	1	338	1	338	0.0	704	338	338
lcl_NZ_AYEK01000001.1_prot_WP_001310555.1_2133	lcl_NZ_AYEK01000001.1_prot_WP_000019448.1_1467	97.846	325	7	0	13	337	1	325	0.0	668	338	326
lcl_NZ_AYEK01000001.1_prot_WP_010723085.1_2175	lcl_NZ_AYEK01000001.1_prot_WP_010723085.1_3700	100.000	338	0	0	1	338	1	338	0.0	708	338	338
lcl_NZ_AYEK01000001.1_prot_WP_010723085.1_2175	lcl_NZ_AYEK01000001.1_prot_WP_010723085.1_3400	100.000	338	0	0	1	338	1	338	0.0	708	338	338
lcl_NZ_AYEK01000001.1_prot_WP_010723085.1_2175	lcl_NZ_AYEK01000001.1_prot_WP_010723085.1_3155	100.000	338	0	0	1	338	1	338	0.0	708	338	338
lcl_NZ_AYEK01000001.1_prot_WP_010723085.1_2175	lcl_NZ_AYEK01000001.1_prot_WP_010723085.1_2351	100.000	338	0	0	1	338	1	338	0.0	708	338	338
lcl_NZ_AYEK01000001.1_prot_WP_010723085.1_2175	lcl_NZ_AYEK01000001.1_prot_WP_010723085.1_1422	100.000	338	0	0	1	338	1	338	0.0	708	338	338
lcl_NZ_AYEK01000001.1_prot_WP_010723085.1_2175	lcl_NZ_AYEK01000001.1_prot_WP_010723085.1_707	100.000	338	0	0	1	338	1	338	0.0	708	338	338
lcl_NZ_AYEK01000001.1_prot_WP_010723085.1_2175	lcl_NZ_AYEK01000001.1_prot_WP_010723085.1_583	100.000	338	0	0	1	338	1	338	0.0	708	338	338
lcl_NZ_AYEK01000001.1_prot_WP_010723085.1_2175	lcl_NZ_AYEK01000001.1_prot_WP_010723085.1_265	100.000	338	0	0	1	338	1	338	0.0	708	338	338
lcl_NZ_AYEK01000001.1_prot_WP_010723085.1_2175	lcl_NZ_AYEK01000001.1_prot_WP_001310555.1_2133	99.408	338	2	0	1	338	1	338	0.0	704	338	338
lcl_NZ_AYEK01000001.1_prot_WP_010723085.1_2175	lcl_NZ_AYEK01000001.1_prot_WP_000019448.1_1467	98.154	325	6	0	13	337	1	325	0.0	669	338	326
lcl_NZ_AYEK01000001.1_prot_WP_000382966.1_2317	lcl_NZ_AYEK01000001.1_prot_WP_000353878.1_2320	88.221	416	49	0	1	416	1	416	0.0	698	416	416
lcl_NZ_AYEK01000001.1_prot_WP_000353878.1_2320	lcl_NZ_AYEK01000001.1_prot_WP_000382966.1_2317	88.221	416	49	0	1	416	1	416	0.0	707	416	416
lcl_NZ_AYEK01000001.1_prot_WP_001407525.1_2350	lcl_NZ_AYEK01000001.1_prot_WP_071594930.1_264	100.000	35	0	0	6	40	2	36	1.83e-21	73.9	40	36
lcl_NZ_AYEK01000001.1_prot_WP_010723085.1_2351	lcl_NZ_AYEK01000001.1_prot_WP_010723085.1_3700	100.000	338	0	0	1	338	1	338	0.0	708	338	338
lcl_NZ_AYEK01000001.1_prot_WP_010723085.1_2351	lcl_NZ_AYEK01000001.1_prot_WP_010723085.1_3400	100.000	338	0	0	1	338	1	338	0.0	708	338	338
lcl_NZ_AYEK01000001.1_prot_WP_010723085.1_2351	lcl_NZ_AYEK01000001.1_prot_WP_010723085.1_3155	100.000	338	0	0	1	338	1	338	0.0	708	338	338
lcl_NZ_AYEK01000001.1_prot_WP_010723085.1_2351	lcl_NZ_AYEK01000001.1_prot_WP_010723085.1_2175	100.000	338	0	0	1	338	1	338	0.0	708	338	338
lcl_NZ_AYEK01000001.1_prot_WP_010723085.1_2351	lcl_NZ_AYEK01000001.1_prot_WP_010723085.1_1422	100.000	338	0	0	1	338	1	338	0.0	708	338	338
lcl_NZ_AYEK01000001.1_prot_WP_010723085.1_2351	lcl_NZ_AYEK01000001.1_prot_WP_010723085.1_707	100.000	338	0	0	1	338	1	338	0.0	708	338	338
lcl_NZ_AYEK01000001.1_prot_WP_010723085.1_2351	lcl_NZ_AYEK01000001.1_prot_WP_010723085.1_583	100.000	338	0	0	1	338	1	338	0.0	708	338	338
lcl_NZ_AYEK01000001.1_prot_WP_010723085.1_2351	lcl_NZ_AYEK01000001.1_prot_WP_010723085.1_265	100.000	338	0	0	1	338	1	338	0.0	708	338	338
lcl_NZ_AYEK01000001.1_prot_WP_010723085.1_2351	lcl_NZ_AYEK01000001.1_prot_WP_001310555.1_2133	99.408	338	2	0	1	338	1	338	0.0	704	338	338
lcl_NZ_AYEK01000001.1_prot_WP_010723085.1_2351	lcl_NZ_AYEK01000001.1_prot_WP_000019448.1_1467	98.154	325	6	0	13	337	1	325	0.0	669	338	326
lcl_NZ_AYEK01000001.1_prot_WP_001300563.1_2565	lcl_NZ_AYEK01000001.1_prot_WP_001300563.1_625	100.000	370	0	0	1	370	1	370	0.0	753	370	370
lcl_NZ_AYEK01000001.1_prot_WP_001300563.1_2565	lcl_NZ_AYEK01000001.1_prot_WP_001300563.1_15	100.000	370	0	0	1	370	1	370	0.0	753	370	370
lcl_NZ_AYEK01000001.1_prot_WP_000197391.1_2809	lcl_NZ_AYEK01000001.1_prot_WP_000197389.1_255	97.802	273	6	0	1	273	1	273	0.0	553	273	273
lcl_NZ_AYEK01000001.1_prot_WP_000003071.1_3059	lcl_NZ_AYEK01000001.1_prot_WP_001295074.1_4359	88.713	505	57	0	1	505	1	505	0.0	939	505	505
lcl_NZ_AYEK01000001.1_prot_WP_010723085.1_3155	lcl_NZ_AYEK01000001.1_prot_WP_010723085.1_3700	100.000	338	0	0	1	338	1	338	0.0	708	338	338
lcl_NZ_AYEK01000001.1_prot_WP_010723085.1_3155	lcl_NZ_AYEK01000001.1_prot_WP_010723085.1_3400	100.000	338	0	0	1	338	1	338	0.0	708	338	338
lcl_NZ_AYEK01000001.1_prot_WP_010723085.1_3155	lcl_NZ_AYEK01000001.1_prot_WP_010723085.1_2351	100.000	338	0	0	1	338	1	338	0.0	708	338	338
lcl_NZ_AYEK01000001.1_prot_WP_010723085.1_3155	lcl_NZ_AYEK01000001.1_prot_WP_010723085.1_2175	100.000	338	0	0	1	338	1	338	0.0	708	338	338
lcl_NZ_AYEK01000001.1_prot_WP_010723085.1_3155	lcl_NZ_AYEK01000001.1_prot_WP_010723085.1_1422	100.000	338	0	0	1	338	1	338	0.0	708	338	338
lcl_NZ_AYEK01000001.1_prot_WP_010723085.1_3155	lcl_NZ_AYEK01000001.1_prot_WP_010723085.1_707	100.000	338	0	0	1	338	1	338	0.0	708	338	338
lcl_NZ_AYEK01000001.1_prot_WP_010723085.1_3155	lcl_NZ_AYEK01000001.1_prot_WP_010723085.1_583	100.000	338	0	0	1	338	1	338	0.0	708	338	338
lcl_NZ_AYEK01000001.1_prot_WP_010723085.1_3155	lcl_NZ_AYEK01000001.1_prot_WP_010723085.1_265	100.000	338	0	0	1	338	1	338	0.0	708	338	338
lcl_NZ_AYEK01000001.1_prot_WP_010723085.1_3155	lcl_NZ_AYEK01000001.1_prot_WP_001310555.1_2133	99.408	338	2	0	1	338	1	338	0.0	704	338	338
lcl_NZ_AYEK01000001.1_prot_WP_010723085.1_3155	lcl_NZ_AYEK01000001.1_prot_WP_000019448.1_1467	98.154	325	6	0	13	337	1	325	0.0	669	338	326
lcl_NZ_AYEK01000001.1_prot_WP_010723085.1_3400	lcl_NZ_AYEK01000001.1_prot_WP_010723085.1_3700	100.000	338	0	0	1	338	1	338	0.0	708	338	338
lcl_NZ_AYEK01000001.1_prot_WP_010723085.1_3400	lcl_NZ_AYEK01000001.1_prot_WP_010723085.1_3155	100.000	338	0	0	1	338	1	338	0.0	708	338	338
lcl_NZ_AYEK01000001.1_prot_WP_010723085.1_3400	lcl_NZ_AYEK01000001.1_prot_WP_010723085.1_2351	100.000	338	0	0	1	338	1	338	0.0	708	338	338
lcl_NZ_AYEK01000001.1_prot_WP_010723085.1_3400	lcl_NZ_AYEK01000001.1_prot_WP_010723085.1_2175	100.000	338	0	0	1	338	1	338	0.0	708	338	338
lcl_NZ_AYEK01000001.1_prot_WP_010723085.1_3400	lcl_NZ_AYEK01000001.1_prot_WP_010723085.1_1422	100.000	338	0	0	1	338	1	338	0.0	708	338	338
lcl_NZ_AYEK01000001.1_prot_WP_010723085.1_3400	lcl_NZ_AYEK01000001.1_prot_WP_010723085.1_707	100.000	338	0	0	1	338	1	338	0.0	708	338	338
lcl_NZ_AYEK01000001.1_prot_WP_010723085.1_3400	lcl_NZ_AYEK01000001.1_prot_WP_010723085.1_583	100.000	338	0	0	1	338	1	338	0.0	708	338	338
lcl_NZ_AYEK01000001.1_prot_WP_010723085.1_3400	lcl_NZ_AYEK01000001.1_prot_WP_010723085.1_265	100.000	338	0	0	1	338	1	338	0.0	708	338	338
lcl_NZ_AYEK01000001.1_prot_WP_010723085.1_3400	lcl_NZ_AYEK01000001.1_prot_WP_001310555.1_2133	99.408	338	2	0	1	338	1	338	0.0	704	338	338
lcl_NZ_AYEK01000001.1_prot_WP_010723085.1_3400	lcl_NZ_AYEK01000001.1_prot_WP_000019448.1_1467	98.154	325	6	0	13	337	1	325	0.0	669	338	326
lcl_NZ_AYEK01000001.1_prot_WP_000031783.1_3521	lcl_NZ_AYEK01000001.1_prot_WP_000031784.1_4189	100.000	393	0	0	1	393	1	393	0.0	796	394	394
lcl_NZ_AYEK01000001.1_prot_WP_000015298.1_3672	lcl_NZ_AYEK01000001.1_prot_WP_000015300.1_3802	98.880	1250	14	0	1	1250	1	1250	0.0	2536	1411	1377
lcl_NZ_AYEK01000001.1_prot_WP_000015298.1_3672	lcl_NZ_AYEK01000001.1_prot_WP_000015200.1_745	96.332	1254	46	0	1	1254	1	1254	0.0	2467	1411	1397
lcl_NZ_AYEK01000001.1_prot_WP_000420980.1_3675	lcl_NZ_AYEK01000001.1_prot_WP_000421020.1_1568	97.619	378	9	0	1	378	1	378	0.0	763	378	378
lcl_NZ_AYEK01000001.1_prot_WP_000420980.1_3675	lcl_NZ_AYEK01000001.1_prot_WP_014639858.1_750	97.734	353	8	0	26	378	1	353	0.0	715	378	353
lcl_NZ_AYEK01000001.1_prot_WP_010723085.1_3700	lcl_NZ_AYEK01000001.1_prot_WP_010723085.1_3400	100.000	338	0	0	1	338	1	338	0.0	708	338	338
lcl_NZ_AYEK01000001.1_prot_WP_010723085.1_3700	lcl_NZ_AYEK01000001.1_prot_WP_010723085.1_3155	100.000	338	0	0	1	338	1	338	0.0	708	338	338
lcl_NZ_AYEK01000001.1_prot_WP_010723085.1_3700	lcl_NZ_AYEK01000001.1_prot_WP_010723085.1_2351	100.000	338	0	0	1	338	1	338	0.0	708	338	338
lcl_NZ_AYEK01000001.1_prot_WP_010723085.1_3700	lcl_NZ_AYEK01000001.1_prot_WP_010723085.1_2175	100.000	338	0	0	1	338	1	338	0.0	708	338	338
lcl_NZ_AYEK01000001.1_prot_WP_010723085.1_3700	lcl_NZ_AYEK01000001.1_prot_WP_010723085.1_1422	100.000	338	0	0	1	338	1	338	0.0	708	338	338
lcl_NZ_AYEK01000001.1_prot_WP_010723085.1_3700	lcl_NZ_AYEK01000001.1_prot_WP_010723085.1_707	100.000	338	0	0	1	338	1	338	0.0	708	338	338
lcl_NZ_AYEK01000001.1_prot_WP_010723085.1_3700	lcl_NZ_AYEK01000001.1_prot_WP_010723085.1_583	100.000	338	0	0	1	338	1	338	0.0	708	338	338
lcl_NZ_AYEK01000001.1_prot_WP_010723085.1_3700	lcl_NZ_AYEK01000001.1_prot_WP_010723085.1_265	100.000	338	0	0	1	338	1	338	0.0	708	338	338
lcl_NZ_AYEK01000001.1_prot_WP_010723085.1_3700	lcl_NZ_AYEK01000001.1_prot_WP_001310555.1_2133	99.408	338	2	0	1	338	1	338	0.0	704	338	338
lcl_NZ_AYEK01000001.1_prot_WP_010723085.1_3700	lcl_NZ_AYEK01000001.1_prot_WP_000019448.1_1467	98.154	325	6	0	13	337	1	325	0.0	669	338	326
lcl_NZ_AYEK01000001.1_prot_WP_000372240.1_3716	lcl_NZ_AYEK01000001.1_prot_WP_000358930.1_1602	98.927	466	5	0	1	466	1	466	0.0	966	466	466
lcl_NZ_AYEK01000001.1_prot_WP_000015300.1_3802	lcl_NZ_AYEK01000001.1_prot_WP_000015298.1_3672	98.880	1250	14	0	1	1250	1	1250	0.0	2536	1377	1411
lcl_NZ_AYEK01000001.1_prot_WP_000015300.1_3802	lcl_NZ_AYEK01000001.1_prot_WP_000015200.1_745	96.417	1256	45	0	1	1256	1	1256	0.0	2475	1377	1397
lcl_NZ_AYEK01000001.1_prot_WP_000031784.1_4189	lcl_NZ_AYEK01000001.1_prot_WP_000031783.1_3521	100.000	393	0	0	1	393	1	393	0.0	796	394	394
lcl_NZ_AYEK01000001.1_prot_WP_000066707.1_4349	lcl_NZ_AYEK01000001.1_prot_WP_000066639.1_1735	89.964	548	55	0	1	548	1	548	0.0	1028	548	548
lcl_NZ_AYEK01000001.1_prot_WP_001295074.1_4359	lcl_NZ_AYEK01000001.1_prot_WP_000003071.1_3059	88.713	505	57	0	1	505	1	505	0.0	939	505	505
lcl_NZ_AYEK01000001.1_prot_WP_000012931.1_4484	lcl_NZ_AYEK01000001.1_prot_WP_001281825.1_281	87.725	334	41	0	1	334	1	334	0.0	619	334	334
lcl_NZ_AYEK01000001.1_prot_WP_001254932.1_4516	lcl_NZ_AYEK01000001.1_prot_WP_001254932.1_1503	100.000	383	0	0	1	383	1	383	0.0	788	383	383
lcl_NZ_AYEK01000001.1_prot_WP_001254932.1_4516	lcl_NZ_AYEK01000001.1_prot_WP_001254938.1_259	99.739	383	1	0	1	383	1	383	0.0	787	383	383
