lcl_FN554766.1_cds_CBG32839.1_5	lcl_FN554766.1_cds_CBG37110.1_4276	100.000	723	0	0	1	723	1	723	0.0	1336	723	723
lcl_FN554766.1_cds_CBG32839.1_5	lcl_FN554766.1_cds_CBG35615.1_2781	100.000	723	0	0	1	723	1	723	0.0	1336	723	723
lcl_FN554766.1_cds_CBG32839.1_5	lcl_FN554766.1_cds_CBG34387.1_1553	100.000	723	0	0	1	723	1	723	0.0	1336	723	723
lcl_FN554766.1_cds_CBG32839.1_5	lcl_FN554766.1_cds_CBG33974.1_1140	98.755	723	9	0	1	723	1	723	0.0	1286	723	723
lcl_FN554766.1_cds_CBG32839.1_5	lcl_FN554766.1_cds_CBG33347.1_513	98.617	723	10	0	1	723	1	723	0.0	1280	723	723
lcl_FN554766.1_cds_CBG32840.1_6	lcl_FN554766.1_cds_CBG37109.1_4275	100.000	522	0	0	1	522	1	522	0.0	965	522	522
lcl_FN554766.1_cds_CBG32840.1_6	lcl_FN554766.1_cds_CBG35614.1_2780	100.000	522	0	0	1	522	10	531	0.0	965	522	531
lcl_FN554766.1_cds_CBG32840.1_6	lcl_FN554766.1_cds_CBG34388.1_1554	100.000	522	0	0	1	522	1	522	0.0	965	522	522
lcl_FN554766.1_cds_CBG32840.1_6	lcl_FN554766.1_cds_CBG33975.1_1141	100.000	522	0	0	1	522	1	522	0.0	965	522	522
lcl_FN554766.1_cds_CBG32840.1_6	lcl_FN554766.1_cds_CBG33346.1_512	100.000	522	0	0	1	522	1	522	0.0	965	522	522
lcl_FN554766.1_cds_CBG32854.1_20	lcl_FN554767.1_cds_CBG27802.1_4935	100.000	378	0	0	1	378	1	378	0.0	699	378	378
lcl_FN554766.1_cds_CBG32854.1_20	lcl_FN554767.1_cds_CBG27788.1_4921	100.000	378	0	0	1	378	1	378	0.0	699	378	378
lcl_FN554766.1_cds_CBG32854.1_20	lcl_FN554766.1_cds_CBG35423.1_2589	100.000	378	0	0	1	378	1	378	0.0	699	378	378
lcl_FN554766.1_cds_CBG32854.1_20	lcl_FN554766.1_cds_CBG34360.1_1526	100.000	378	0	0	1	378	1	378	0.0	699	378	378
lcl_FN554766.1_cds_CBG32855.1_21	lcl_FN554766.1_cds_CBG34361.1_1527	100.000	276	0	0	1	276	1	276	1.98e-145	510	276	276
lcl_FN554766.1_cds_CBG32855.1_21	lcl_FN554767.1_cds_CBG27803.1_4936	99.638	276	1	0	1	276	1	276	9.21e-144	505	276	276
lcl_FN554766.1_cds_CBG32855.1_21	lcl_FN554767.1_cds_CBG27787.1_4920	99.638	276	1	0	1	276	1	276	9.21e-144	505	276	276
lcl_FN554766.1_cds_CBG32855.1_21	lcl_FN554766.1_cds_CBG37435.1_4601	99.638	276	1	0	1	276	1	276	9.21e-144	505	276	276
lcl_FN554766.1_cds_CBG32855.1_21	lcl_FN554766.1_cds_CBG35424.1_2590	99.638	276	1	0	1	276	1	276	9.21e-144	505	276	276
lcl_FN554766.1_cds_CBG32855.1_21	lcl_FN554766.1_cds_CBG37649.1_4815	98.913	276	3	0	1	276	1	276	1.99e-140	494	276	276
lcl_FN554766.1_cds_CBG32855.1_21	lcl_FN554766.1_cds_CBG36941.1_4107	97.826	276	6	0	1	276	1	276	2.01e-135	477	276	276
lcl_FN554766.1_cds_CBG32855.1_21	lcl_FN554766.1_cds_CBG36911.1_4077	97.826	276	6	0	1	276	1	276	2.01e-135	477	276	276
lcl_FN554766.1_cds_CBG32855.1_21	lcl_FN554766.1_cds_CBG33422.1_588	97.826	276	6	0	1	276	1	276	2.01e-135	477	276	276
lcl_FN554766.1_cds_CBG32855.1_21	lcl_FN554766.1_cds_CBG37668.1_4834	92.391	276	21	0	1	276	1	276	2.08e-110	394	276	276
lcl_FN554766.1_cds_CBG32855.1_21	lcl_FN554766.1_cds_CBG37605.1_4771	91.304	276	24	0	1	276	1	276	2.10e-105	377	276	276
lcl_FN554766.1_cds_CBG33065.1_231	lcl_FN554766.1_cds_CBG33416.1_582	97.625	1137	27	0	1	1137	1	1137	0.0	1951	1137	1137
lcl_FN554766.1_cds_CBG33346.1_512	lcl_FN554766.1_cds_CBG37109.1_4275	100.000	522	0	0	1	522	1	522	0.0	965	522	522
lcl_FN554766.1_cds_CBG33346.1_512	lcl_FN554766.1_cds_CBG35614.1_2780	100.000	522	0	0	1	522	10	531	0.0	965	522	531
lcl_FN554766.1_cds_CBG33346.1_512	lcl_FN554766.1_cds_CBG34388.1_1554	100.000	522	0	0	1	522	1	522	0.0	965	522	522
lcl_FN554766.1_cds_CBG33346.1_512	lcl_FN554766.1_cds_CBG33975.1_1141	100.000	522	0	0	1	522	1	522	0.0	965	522	522
lcl_FN554766.1_cds_CBG33346.1_512	lcl_FN554766.1_cds_CBG32840.1_6	100.000	522	0	0	1	522	1	522	0.0	965	522	522
lcl_FN554766.1_cds_CBG33347.1_513	lcl_FN554766.1_cds_CBG33974.1_1140	99.862	723	1	0	1	723	1	723	0.0	1330	723	723
lcl_FN554766.1_cds_CBG33347.1_513	lcl_FN554766.1_cds_CBG37110.1_4276	98.617	723	10	0	1	723	1	723	0.0	1280	723	723
lcl_FN554766.1_cds_CBG33347.1_513	lcl_FN554766.1_cds_CBG35615.1_2781	98.617	723	10	0	1	723	1	723	0.0	1280	723	723
lcl_FN554766.1_cds_CBG33347.1_513	lcl_FN554766.1_cds_CBG34387.1_1553	98.617	723	10	0	1	723	1	723	0.0	1280	723	723
lcl_FN554766.1_cds_CBG33347.1_513	lcl_FN554766.1_cds_CBG32839.1_5	98.617	723	10	0	1	723	1	723	0.0	1280	723	723
lcl_FN554766.1_cds_CBG33416.1_582	lcl_FN554766.1_cds_CBG33065.1_231	97.625	1137	27	0	1	1137	1	1137	0.0	1951	1137	1137
lcl_FN554766.1_cds_CBG33421.1_587	lcl_FN554766.1_cds_CBG36940.1_4106	100.000	504	0	0	1	504	1	504	0.0	931	504	504
lcl_FN554766.1_cds_CBG33421.1_587	lcl_FN554766.1_cds_CBG36910.1_4076	100.000	504	0	0	1	504	1	504	0.0	931	504	504
lcl_FN554766.1_cds_CBG33421.1_587	lcl_FN554766.1_cds_CBG37648.1_4814	98.611	504	7	0	1	504	1	504	0.0	893	504	504
lcl_FN554766.1_cds_CBG33421.1_587	lcl_FN554766.1_cds_CBG37434.1_4600	98.608	503	7	0	2	504	2	504	0.0	891	504	504
lcl_FN554766.1_cds_CBG33422.1_588	lcl_FN554766.1_cds_CBG36941.1_4107	100.000	276	0	0	1	276	1	276	1.98e-145	510	276	276
lcl_FN554766.1_cds_CBG33422.1_588	lcl_FN554766.1_cds_CBG36911.1_4077	100.000	276	0	0	1	276	1	276	1.98e-145	510	276	276
lcl_FN554766.1_cds_CBG33422.1_588	lcl_FN554767.1_cds_CBG27787.1_4920	98.188	276	5	0	1	276	1	276	4.32e-137	483	276	276
lcl_FN554766.1_cds_CBG33422.1_588	lcl_FN554766.1_cds_CBG37649.1_4815	98.188	276	5	0	1	276	1	276	4.32e-137	483	276	276
lcl_FN554766.1_cds_CBG33422.1_588	lcl_FN554766.1_cds_CBG37435.1_4601	98.188	276	5	0	1	276	1	276	4.32e-137	483	276	276
lcl_FN554766.1_cds_CBG33422.1_588	lcl_FN554766.1_cds_CBG34361.1_1527	97.826	276	6	0	1	276	1	276	2.01e-135	477	276	276
lcl_FN554766.1_cds_CBG33422.1_588	lcl_FN554766.1_cds_CBG32855.1_21	97.826	276	6	0	1	276	1	276	2.01e-135	477	276	276
lcl_FN554766.1_cds_CBG33422.1_588	lcl_FN554767.1_cds_CBG27803.1_4936	97.464	276	7	0	1	276	1	276	9.34e-134	472	276	276
lcl_FN554766.1_cds_CBG33422.1_588	lcl_FN554766.1_cds_CBG35424.1_2590	97.464	276	7	0	1	276	1	276	9.34e-134	472	276	276
lcl_FN554766.1_cds_CBG33422.1_588	lcl_FN554766.1_cds_CBG37668.1_4834	91.304	276	24	0	1	276	1	276	2.10e-105	377	276	276
lcl_FN554766.1_cds_CBG33422.1_588	lcl_FN554766.1_cds_CBG37605.1_4771	90.217	276	27	0	1	276	1	276	2.11e-100	361	276	276
lcl_FN554766.1_cds_CBG33442.1_608	lcl_FN554766.1_cds_CBG33444.1_610	99.346	153	1	0	1	153	1	153	1.14e-75	278	153	153
lcl_FN554766.1_cds_CBG33444.1_610	lcl_FN554766.1_cds_CBG33442.1_608	99.346	153	1	0	1	153	1	153	1.14e-75	278	153	153
lcl_FN554766.1_cds_CBG33974.1_1140	lcl_FN554766.1_cds_CBG33347.1_513	99.862	723	1	0	1	723	1	723	0.0	1330	723	723
lcl_FN554766.1_cds_CBG33974.1_1140	lcl_FN554766.1_cds_CBG37110.1_4276	98.755	723	9	0	1	723	1	723	0.0	1286	723	723
lcl_FN554766.1_cds_CBG33974.1_1140	lcl_FN554766.1_cds_CBG35615.1_2781	98.755	723	9	0	1	723	1	723	0.0	1286	723	723
lcl_FN554766.1_cds_CBG33974.1_1140	lcl_FN554766.1_cds_CBG34387.1_1553	98.755	723	9	0	1	723	1	723	0.0	1286	723	723
lcl_FN554766.1_cds_CBG33974.1_1140	lcl_FN554766.1_cds_CBG32839.1_5	98.755	723	9	0	1	723	1	723	0.0	1286	723	723
lcl_FN554766.1_cds_CBG33975.1_1141	lcl_FN554766.1_cds_CBG37109.1_4275	100.000	522	0	0	1	522	1	522	0.0	965	522	522
lcl_FN554766.1_cds_CBG33975.1_1141	lcl_FN554766.1_cds_CBG35614.1_2780	100.000	522	0	0	1	522	10	531	0.0	965	522	531
lcl_FN554766.1_cds_CBG33975.1_1141	lcl_FN554766.1_cds_CBG34388.1_1554	100.000	522	0	0	1	522	1	522	0.0	965	522	522
lcl_FN554766.1_cds_CBG33975.1_1141	lcl_FN554766.1_cds_CBG33346.1_512	100.000	522	0	0	1	522	1	522	0.0	965	522	522
lcl_FN554766.1_cds_CBG33975.1_1141	lcl_FN554766.1_cds_CBG32840.1_6	100.000	522	0	0	1	522	1	522	0.0	965	522	522
lcl_FN554766.1_cds_CBG34093.1_1259	lcl_FN554766.1_cds_CBG34094.1_1260	97.222	108	3	0	1	108	1	108	1.69e-47	183	108	108
lcl_FN554766.1_cds_CBG34094.1_1260	lcl_FN554766.1_cds_CBG34093.1_1259	97.222	108	3	0	1	108	1	108	1.69e-47	183	108	108
lcl_FN554766.1_cds_CBG34132.1_1298	lcl_FN554766.1_cds_CBG34553.1_1719	91.485	2478	199	12	1	2472	1	2472	0.0	3397	2472	2472
lcl_FN554766.1_cds_CBG34137.1_1303	lcl_FN554766.1_cds_CBG34550.1_1716	96.789	218	7	0	1	218	1	218	1.27e-101	364	219	219
lcl_FN554766.1_cds_CBG34137.1_1303	lcl_FN554766.1_cds_CBG35027.1_2193	96.347	219	8	0	1	219	1	219	1.64e-100	361	219	219
lcl_FN554766.1_cds_CBG34149.1_1315	lcl_FN554766.1_cds_CBG35019.1_2185	100.000	183	0	0	1	183	1	183	6.28e-94	339	183	183
lcl_FN554766.1_cds_CBG34150.1_1316	lcl_FN554766.1_cds_CBG35018.1_2184	100.000	177	0	0	1	177	1	177	1.32e-90	327	177	177
lcl_FN554766.1_cds_CBG34151.1_1317	lcl_FN554766.1_cds_CBG35017.1_2183	91.549	355	30	0	1	355	1	355	3.43e-139	490	360	360
lcl_FN554766.1_cds_CBG34154.1_1320	lcl_FN554766.1_cds_CBG35015.1_2181	98.106	264	5	0	1	264	1	264	1.93e-130	460	264	264
lcl_FN554766.1_cds_CBG34157.1_1323	lcl_FN554766.1_cds_CBG35012.1_2178	100.000	156	0	0	1	156	1	156	5.39e-79	289	156	156
lcl_FN554766.1_cds_CBG34163.1_1329	lcl_FN554766.1_cds_CBG35009.1_2175	95.814	1051	39	3	1	1047	1	1050	0.0	1692	1047	1050
lcl_FN554766.1_cds_CBG34164.1_1330	lcl_FN554766.1_cds_CBG35008.1_2174	100.000	352	0	0	1	352	1	352	0.0	651	375	357
lcl_FN554766.1_cds_CBG34165.1_1331	lcl_FN554766.1_cds_CBG35007.1_2173	90.942	817	70	3	1	815	1	815	0.0	1096	822	822
lcl_FN554766.1_cds_CBG34169.1_1335	lcl_FN554766.1_cds_CBG35003.1_2169	98.639	294	3	1	1	294	29	321	3.52e-148	520	294	321
lcl_FN554766.1_cds_CBG34171.1_1337	lcl_FN554766.1_cds_CBG34528.1_1694	88.757	507	55	2	1	506	1	506	6.32e-178	619	534	549
lcl_FN554766.1_cds_CBG34171.1_1337	lcl_FN554766.1_cds_CBG35001.1_2167	86.466	532	69	3	1	530	1	531	2.98e-166	580	534	534
lcl_FN554766.1_cds_CBG34175.1_1341	lcl_FN554766.1_cds_CBG34522.1_1688	98.291	234	4	0	1	234	1	234	1.73e-115	411	234	234
lcl_FN554766.1_cds_CBG34193.1_1359	lcl_FN554766.1_cds_CBG34507.1_1673	96.061	330	13	0	1	330	1	330	1.10e-153	538	330	330
lcl_FN554766.1_cds_CBG34194.1_1360	lcl_FN554766.1_cds_CBG34506.1_1672	98.140	699	13	0	1	699	1	699	0.0	1219	699	699
lcl_FN554766.1_cds_CBG34194.1_1360	lcl_FN554766.1_cds_CBG34333.1_1499	91.903	704	47	9	1	699	1	699	0.0	976	699	699
lcl_FN554766.1_cds_CBG34194.1_1360	lcl_FN554766.1_cds_CBG34963.1_2129	90.571	700	64	2	1	699	1	699	0.0	926	699	699
lcl_FN554766.1_cds_CBG34195.1_1361	lcl_FN554766.1_cds_CBG34962.1_2128	95.430	744	34	0	1	744	43	786	0.0	1186	744	786
lcl_FN554766.1_cds_CBG34195.1_1361	lcl_FN554766.1_cds_CBG34505.1_1671	93.566	746	44	4	1	744	1	744	0.0	1109	744	744
lcl_FN554766.1_cds_CBG34195.1_1361	lcl_FN554766.1_cds_CBG34334.1_1500	93.414	744	45	4	1	742	1	742	0.0	1099	744	744
lcl_FN554766.1_cds_CBG34199.1_1365	lcl_FN554766.1_cds_CBG34337.1_1503	90.893	560	51	0	1	560	1	560	0.0	752	600	600
lcl_FN554766.1_cds_CBG34199.1_1365	lcl_FN554766.1_cds_CBG34959.1_2125	90.714	560	52	0	1	560	1	560	0.0	747	600	600
lcl_FN554766.1_cds_CBG34199.1_1365	lcl_FN554766.1_cds_CBG34502.1_1668	88.830	564	55	4	1	560	1	560	0.0	686	600	600
lcl_FN554766.1_cds_CBG34201.1_1367	lcl_FN554766.1_cds_CBG34500.1_1666	97.336	563	15	0	1	563	1	563	0.0	957	585	576
lcl_FN554766.1_cds_CBG34304.1_1470	lcl_FN554766.1_cds_CBG34543.1_1709	89.877	405	41	0	2	406	2	406	1.42e-148	521	417	423
lcl_FN554766.1_cds_CBG34333.1_1499	lcl_FN554766.1_cds_CBG34194.1_1360	91.915	705	45	9	1	699	1	699	0.0	976	699	699
lcl_FN554766.1_cds_CBG34333.1_1499	lcl_FN554766.1_cds_CBG34506.1_1672	90.922	705	52	9	1	699	1	699	0.0	937	699	699
lcl_FN554766.1_cds_CBG34333.1_1499	lcl_FN554766.1_cds_CBG34963.1_2129	91.318	645	46	8	60	699	60	699	0.0	872	699	699
lcl_FN554766.1_cds_CBG34334.1_1500	lcl_FN554766.1_cds_CBG34505.1_1671	95.962	743	28	2	1	742	1	742	0.0	1205	744	744
lcl_FN554766.1_cds_CBG34334.1_1500	lcl_FN554766.1_cds_CBG34962.1_2128	93.548	744	44	4	1	742	43	784	0.0	1105	744	786
lcl_FN554766.1_cds_CBG34334.1_1500	lcl_FN554766.1_cds_CBG34195.1_1361	93.414	744	45	4	1	742	1	742	0.0	1099	744	744
lcl_FN554766.1_cds_CBG34335.1_1501	lcl_FN554766.1_cds_CBG34961.1_2127	92.168	549	43	0	61	609	1	549	0.0	776	609	549
lcl_FN554766.1_cds_CBG34336.1_1502	lcl_FN554766.1_cds_CBG34960.1_2126	93.557	3399	213	6	1	3396	1	3396	0.0	5059	3396	3396
lcl_FN554766.1_cds_CBG34336.1_1502	lcl_FN554766.1_cds_CBG34503.1_1669	95.249	2947	138	2	1	2946	1	2946	0.0	4665	3396	3414
lcl_FN554766.1_cds_CBG34337.1_1503	lcl_FN554766.1_cds_CBG34959.1_2125	99.833	600	1	0	1	600	1	600	0.0	1103	600	600
lcl_FN554766.1_cds_CBG34337.1_1503	lcl_FN554766.1_cds_CBG34199.1_1365	90.893	560	51	0	1	560	1	560	0.0	752	600	600
lcl_FN554766.1_cds_CBG34337.1_1503	lcl_FN554766.1_cds_CBG34502.1_1668	87.542	602	71	3	1	600	1	600	0.0	693	600	600
lcl_FN554766.1_cds_CBG34339.1_1505	lcl_FN554766.1_cds_CBG34957.1_2123	95.390	282	13	0	1	282	1	282	4.48e-127	449	282	282
lcl_FN554766.1_cds_CBG34341.1_1507	lcl_FN554766.1_cds_CBG34955.1_2121	96.416	279	10	0	7	285	1	279	2.21e-130	460	300	288
lcl_FN554766.1_cds_CBG34360.1_1526	lcl_FN554767.1_cds_CBG27802.1_4935	100.000	378	0	0	1	378	1	378	0.0	699	378	378
lcl_FN554766.1_cds_CBG34360.1_1526	lcl_FN554767.1_cds_CBG27788.1_4921	100.000	378	0	0	1	378	1	378	0.0	699	378	378
lcl_FN554766.1_cds_CBG34360.1_1526	lcl_FN554766.1_cds_CBG35423.1_2589	100.000	378	0	0	1	378	1	378	0.0	699	378	378
lcl_FN554766.1_cds_CBG34360.1_1526	lcl_FN554766.1_cds_CBG32854.1_20	100.000	378	0	0	1	378	1	378	0.0	699	378	378
lcl_FN554766.1_cds_CBG34361.1_1527	lcl_FN554766.1_cds_CBG32855.1_21	100.000	276	0	0	1	276	1	276	1.98e-145	510	276	276
lcl_FN554766.1_cds_CBG34361.1_1527	lcl_FN554767.1_cds_CBG27803.1_4936	99.638	276	1	0	1	276	1	276	9.21e-144	505	276	276
lcl_FN554766.1_cds_CBG34361.1_1527	lcl_FN554767.1_cds_CBG27787.1_4920	99.638	276	1	0	1	276	1	276	9.21e-144	505	276	276
lcl_FN554766.1_cds_CBG34361.1_1527	lcl_FN554766.1_cds_CBG37435.1_4601	99.638	276	1	0	1	276	1	276	9.21e-144	505	276	276
lcl_FN554766.1_cds_CBG34361.1_1527	lcl_FN554766.1_cds_CBG35424.1_2590	99.638	276	1	0	1	276	1	276	9.21e-144	505	276	276
lcl_FN554766.1_cds_CBG34361.1_1527	lcl_FN554766.1_cds_CBG37649.1_4815	98.913	276	3	0	1	276	1	276	1.99e-140	494	276	276
lcl_FN554766.1_cds_CBG34361.1_1527	lcl_FN554766.1_cds_CBG36941.1_4107	97.826	276	6	0	1	276	1	276	2.01e-135	477	276	276
lcl_FN554766.1_cds_CBG34361.1_1527	lcl_FN554766.1_cds_CBG36911.1_4077	97.826	276	6	0	1	276	1	276	2.01e-135	477	276	276
lcl_FN554766.1_cds_CBG34361.1_1527	lcl_FN554766.1_cds_CBG33422.1_588	97.826	276	6	0	1	276	1	276	2.01e-135	477	276	276
lcl_FN554766.1_cds_CBG34361.1_1527	lcl_FN554766.1_cds_CBG37668.1_4834	92.391	276	21	0	1	276	1	276	2.08e-110	394	276	276
lcl_FN554766.1_cds_CBG34361.1_1527	lcl_FN554766.1_cds_CBG37605.1_4771	91.304	276	24	0	1	276	1	276	2.10e-105	377	276	276
lcl_FN554766.1_cds_CBG34387.1_1553	lcl_FN554766.1_cds_CBG37110.1_4276	100.000	723	0	0	1	723	1	723	0.0	1336	723	723
lcl_FN554766.1_cds_CBG34387.1_1553	lcl_FN554766.1_cds_CBG35615.1_2781	100.000	723	0	0	1	723	1	723	0.0	1336	723	723
lcl_FN554766.1_cds_CBG34387.1_1553	lcl_FN554766.1_cds_CBG32839.1_5	100.000	723	0	0	1	723	1	723	0.0	1336	723	723
lcl_FN554766.1_cds_CBG34387.1_1553	lcl_FN554766.1_cds_CBG33974.1_1140	98.755	723	9	0	1	723	1	723	0.0	1286	723	723
lcl_FN554766.1_cds_CBG34387.1_1553	lcl_FN554766.1_cds_CBG33347.1_513	98.617	723	10	0	1	723	1	723	0.0	1280	723	723
lcl_FN554766.1_cds_CBG34388.1_1554	lcl_FN554766.1_cds_CBG37109.1_4275	100.000	522	0	0	1	522	1	522	0.0	965	522	522
lcl_FN554766.1_cds_CBG34388.1_1554	lcl_FN554766.1_cds_CBG35614.1_2780	100.000	522	0	0	1	522	10	531	0.0	965	522	531
lcl_FN554766.1_cds_CBG34388.1_1554	lcl_FN554766.1_cds_CBG33975.1_1141	100.000	522	0	0	1	522	1	522	0.0	965	522	522
lcl_FN554766.1_cds_CBG34388.1_1554	lcl_FN554766.1_cds_CBG33346.1_512	100.000	522	0	0	1	522	1	522	0.0	965	522	522
lcl_FN554766.1_cds_CBG34388.1_1554	lcl_FN554766.1_cds_CBG32840.1_6	100.000	522	0	0	1	522	1	522	0.0	965	522	522
lcl_FN554766.1_cds_CBG34447.1_1613	lcl_FN554766.1_cds_CBG36637.1_3803	96.645	1401	47	0	1	1401	1	1401	0.0	2327	1401	1401
lcl_FN554766.1_cds_CBG34500.1_1666	lcl_FN554766.1_cds_CBG34201.1_1367	97.336	563	15	0	1	563	1	563	0.0	957	576	585
lcl_FN554766.1_cds_CBG34502.1_1668	lcl_FN554766.1_cds_CBG34337.1_1503	87.542	602	71	3	1	600	1	600	0.0	693	600	600
lcl_FN554766.1_cds_CBG34502.1_1668	lcl_FN554766.1_cds_CBG34959.1_2125	87.375	602	72	3	1	600	1	600	0.0	688	600	600
lcl_FN554766.1_cds_CBG34502.1_1668	lcl_FN554766.1_cds_CBG34199.1_1365	88.830	564	55	4	1	560	1	560	0.0	686	600	600
lcl_FN554766.1_cds_CBG34503.1_1669	lcl_FN554766.1_cds_CBG34336.1_1502	95.249	2947	138	2	1	2946	1	2946	0.0	4665	3414	3396
lcl_FN554766.1_cds_CBG34503.1_1669	lcl_FN554766.1_cds_CBG34960.1_2126	93.924	2946	177	2	1	2945	1	2945	0.0	4447	3414	3396
lcl_FN554766.1_cds_CBG34505.1_1671	lcl_FN554766.1_cds_CBG34334.1_1500	95.962	743	28	2	1	742	1	742	0.0	1205	744	744
lcl_FN554766.1_cds_CBG34505.1_1671	lcl_FN554766.1_cds_CBG34195.1_1361	93.566	746	44	4	1	744	1	744	0.0	1109	744	744
lcl_FN554766.1_cds_CBG34505.1_1671	lcl_FN554766.1_cds_CBG34962.1_2128	93.020	745	50	2	1	744	43	786	0.0	1086	744	786
lcl_FN554766.1_cds_CBG34506.1_1672	lcl_FN554766.1_cds_CBG34194.1_1360	98.140	699	13	0	1	699	1	699	0.0	1219	699	699
lcl_FN554766.1_cds_CBG34506.1_1672	lcl_FN554766.1_cds_CBG34333.1_1499	90.909	704	54	9	1	699	1	699	0.0	937	699	699
lcl_FN554766.1_cds_CBG34506.1_1672	lcl_FN554766.1_cds_CBG34963.1_2129	90.143	700	67	2	1	699	1	699	0.0	909	699	699
lcl_FN554766.1_cds_CBG34507.1_1673	lcl_FN554766.1_cds_CBG34193.1_1359	96.061	330	13	0	1	330	1	330	1.10e-153	538	330	330
lcl_FN554766.1_cds_CBG34522.1_1688	lcl_FN554766.1_cds_CBG34175.1_1341	98.291	234	4	0	1	234	1	234	1.73e-115	411	234	234
lcl_FN554766.1_cds_CBG34528.1_1694	lcl_FN554766.1_cds_CBG35001.1_2167	91.856	528	39	3	1	526	1	526	0.0	734	549	534
lcl_FN554766.1_cds_CBG34528.1_1694	lcl_FN554766.1_cds_CBG34171.1_1337	88.757	507	55	2	1	506	1	506	6.51e-178	619	549	534
lcl_FN554766.1_cds_CBG34534.1_1700	lcl_FN554766.1_cds_CBG35009.1_2175	86.476	1050	142	0	1	1050	1	1050	0.0	1153	1050	1050
lcl_FN554766.1_cds_CBG34543.1_1709	lcl_FN554766.1_cds_CBG34304.1_1470	89.877	405	41	0	2	406	2	406	1.44e-148	521	423	417
lcl_FN554766.1_cds_CBG34550.1_1716	lcl_FN554766.1_cds_CBG35027.1_2193	99.541	218	1	0	1	218	1	218	1.25e-111	398	219	219
lcl_FN554766.1_cds_CBG34550.1_1716	lcl_FN554766.1_cds_CBG34137.1_1303	96.789	218	7	0	1	218	1	218	1.27e-101	364	219	219
lcl_FN554766.1_cds_CBG34553.1_1719	lcl_FN554766.1_cds_CBG34132.1_1298	91.485	2478	199	12	1	2472	1	2472	0.0	3397	2472	2472
lcl_FN554766.1_cds_CBG34955.1_2121	lcl_FN554766.1_cds_CBG34341.1_1507	96.416	279	10	0	1	279	7	285	2.12e-130	460	288	300
lcl_FN554766.1_cds_CBG34957.1_2123	lcl_FN554766.1_cds_CBG34339.1_1505	95.390	282	13	0	1	282	1	282	4.48e-127	449	282	282
lcl_FN554766.1_cds_CBG34959.1_2125	lcl_FN554766.1_cds_CBG34337.1_1503	99.833	600	1	0	1	600	1	600	0.0	1103	600	600
lcl_FN554766.1_cds_CBG34959.1_2125	lcl_FN554766.1_cds_CBG34199.1_1365	90.714	560	52	0	1	560	1	560	0.0	747	600	600
lcl_FN554766.1_cds_CBG34959.1_2125	lcl_FN554766.1_cds_CBG34502.1_1668	87.375	602	72	3	1	600	1	600	0.0	688	600	600
lcl_FN554766.1_cds_CBG34960.1_2126	lcl_FN554766.1_cds_CBG34336.1_1502	93.557	3399	213	6	1	3396	1	3396	0.0	5059	3396	3396
lcl_FN554766.1_cds_CBG34960.1_2126	lcl_FN554766.1_cds_CBG34503.1_1669	93.924	2946	177	2	1	2945	1	2945	0.0	4447	3396	3414
lcl_FN554766.1_cds_CBG34961.1_2127	lcl_FN554766.1_cds_CBG34335.1_1501	92.168	549	43	0	1	549	61	609	0.0	776	549	609
lcl_FN554766.1_cds_CBG34962.1_2128	lcl_FN554766.1_cds_CBG34195.1_1361	95.430	744	34	0	43	786	1	744	0.0	1186	786	744
lcl_FN554766.1_cds_CBG34962.1_2128	lcl_FN554766.1_cds_CBG34334.1_1500	93.548	744	44	4	43	784	1	742	0.0	1105	786	744
lcl_FN554766.1_cds_CBG34962.1_2128	lcl_FN554766.1_cds_CBG34505.1_1671	93.020	745	50	2	43	786	1	744	0.0	1086	786	744
lcl_FN554766.1_cds_CBG34963.1_2129	lcl_FN554766.1_cds_CBG34194.1_1360	90.571	700	64	2	1	699	1	699	0.0	926	699	699
lcl_FN554766.1_cds_CBG34963.1_2129	lcl_FN554766.1_cds_CBG34506.1_1672	90.143	700	67	2	1	699	1	699	0.0	909	699	699
lcl_FN554766.1_cds_CBG34963.1_2129	lcl_FN554766.1_cds_CBG34333.1_1499	91.318	645	46	8	60	699	60	699	0.0	872	699	699
lcl_FN554766.1_cds_CBG34987.1_2153	lcl_FN554766.1_cds_CBG35261.1_2427	90.141	426	42	0	1	426	1	426	1.43e-158	555	426	426
lcl_FN554766.1_cds_CBG35001.1_2167	lcl_FN554766.1_cds_CBG34528.1_1694	91.871	529	37	4	1	526	1	526	0.0	734	534	549
lcl_FN554766.1_cds_CBG35001.1_2167	lcl_FN554766.1_cds_CBG34171.1_1337	86.466	532	69	3	1	531	1	530	2.98e-166	580	534	534
lcl_FN554766.1_cds_CBG35003.1_2169	lcl_FN554766.1_cds_CBG34169.1_1335	98.639	294	3	1	29	321	1	294	3.87e-148	520	321	294
lcl_FN554766.1_cds_CBG35007.1_2173	lcl_FN554766.1_cds_CBG34165.1_1331	90.942	817	70	3	1	815	1	815	0.0	1096	822	822
lcl_FN554766.1_cds_CBG35008.1_2174	lcl_FN554766.1_cds_CBG34164.1_1330	100.000	352	0	0	1	352	1	352	0.0	651	357	375
lcl_FN554766.1_cds_CBG35009.1_2175	lcl_FN554766.1_cds_CBG34163.1_1329	95.810	1050	41	1	1	1050	1	1047	0.0	1692	1050	1047
lcl_FN554766.1_cds_CBG35009.1_2175	lcl_FN554766.1_cds_CBG34534.1_1700	86.476	1050	142	0	1	1050	1	1050	0.0	1153	1050	1050
lcl_FN554766.1_cds_CBG35012.1_2178	lcl_FN554766.1_cds_CBG34157.1_1323	100.000	156	0	0	1	156	1	156	5.39e-79	289	156	156
lcl_FN554766.1_cds_CBG35015.1_2181	lcl_FN554766.1_cds_CBG34154.1_1320	98.106	264	5	0	1	264	1	264	1.93e-130	460	264	264
lcl_FN554766.1_cds_CBG35017.1_2183	lcl_FN554766.1_cds_CBG34151.1_1317	91.549	355	30	0	1	355	1	355	3.43e-139	490	360	360
lcl_FN554766.1_cds_CBG35018.1_2184	lcl_FN554766.1_cds_CBG34150.1_1316	100.000	177	0	0	1	177	1	177	1.32e-90	327	177	177
lcl_FN554766.1_cds_CBG35019.1_2185	lcl_FN554766.1_cds_CBG34149.1_1315	100.000	183	0	0	1	183	1	183	6.28e-94	339	183	183
lcl_FN554766.1_cds_CBG35027.1_2193	lcl_FN554766.1_cds_CBG34550.1_1716	99.541	218	1	0	1	218	1	218	1.25e-111	398	219	219
lcl_FN554766.1_cds_CBG35027.1_2193	lcl_FN554766.1_cds_CBG34137.1_1303	96.347	219	8	0	1	219	1	219	1.64e-100	361	219	219
lcl_FN554766.1_cds_CBG35066.1_2232	lcl_FN554766.1_cds_CBG37616.1_4782	100.000	408	0	0	1	408	1	408	0.0	754	408	408
lcl_FN554766.1_cds_CBG35066.1_2232	lcl_FN554766.1_cds_CBG37341.1_4507	89.160	369	40	0	1	369	1	369	3.06e-130	460	408	390
lcl_FN554766.1_cds_CBG35067.1_2233	lcl_FN554766.1_cds_CBG37617.1_4783	99.825	570	1	0	1	570	1	570	0.0	1048	570	570
lcl_FN554766.1_cds_CBG35067.1_2233	lcl_FN554766.1_cds_CBG37340.1_4506	91.935	558	43	2	1	557	1	557	0.0	780	570	570
lcl_FN554766.1_cds_CBG35068.1_2234	lcl_FN554766.1_cds_CBG37618.1_4784	95.455	198	2	3	1	195	1	194	5.29e-85	309	195	201
lcl_FN554766.1_cds_CBG35070.1_2236	lcl_FN554766.1_cds_CBG37621.1_4787	96.552	609	21	0	1	609	1	609	0.0	1009	609	609
lcl_FN554766.1_cds_CBG35073.1_2239	lcl_FN554766.1_cds_CBG37334.1_4500	96.449	873	31	0	40	912	1	873	0.0	1441	912	873
lcl_FN554766.1_cds_CBG35073.1_2239	lcl_FN554766.1_cds_CBG37625.1_4791	96.105	873	34	0	40	912	1	873	0.0	1424	912	873
lcl_FN554766.1_cds_CBG35074.1_2240	lcl_FN554766.1_cds_CBG37333.1_4499	88.475	3141	320	34	1	3120	7	3126	0.0	3757	3120	3126
lcl_FN554766.1_cds_CBG35075.1_2241	lcl_FN554766.1_cds_CBG37332.1_4498	97.339	2518	65	2	7	2523	1	2517	0.0	4277	2523	2517
lcl_FN554766.1_cds_CBG35076.1_2242	lcl_FN554766.1_cds_CBG37331.1_4497	99.342	456	3	0	1	456	1	456	0.0	826	456	456
lcl_FN554766.1_cds_CBG35077.1_2243	lcl_FN554766.1_cds_CBG37330.1_4496	99.573	234	1	0	1	234	1	234	1.71e-120	427	234	234
lcl_FN554766.1_cds_CBG35078.1_2244	lcl_FN554766.1_cds_CBG37329.1_4495	96.825	819	26	0	1	819	1	819	0.0	1369	819	819
lcl_FN554766.1_cds_CBG35078.1_2244	lcl_FN554766.1_cds_CBG37628.1_4794	93.544	821	49	3	1	819	1	819	0.0	1219	819	819
lcl_FN554766.1_cds_CBG35078.1_2244	lcl_FN554766.1_cds_CBG36049.1_3215	90.743	821	72	2	1	819	1	819	0.0	1092	819	819
lcl_FN554766.1_cds_CBG35079.1_2245	lcl_FN554766.1_cds_CBG36050.1_3216	96.752	431	14	0	50	480	56	486	0.0	719	480	486
lcl_FN554766.1_cds_CBG35079.1_2245	lcl_FN554766.1_cds_CBG37328.1_4494	96.098	410	16	0	71	480	65	474	0.0	669	480	474
lcl_FN554766.1_cds_CBG35080.1_2246	lcl_FN554766.1_cds_CBG37630.1_4796	97.967	492	10	0	1	492	1	492	0.0	854	492	492
lcl_FN554766.1_cds_CBG35080.1_2246	lcl_FN554766.1_cds_CBG36051.1_3217	97.967	492	10	0	1	492	1	492	0.0	854	492	492
lcl_FN554766.1_cds_CBG35080.1_2246	lcl_FN554766.1_cds_CBG37327.1_4493	95.732	492	21	0	1	492	1	492	0.0	793	492	492
lcl_FN554766.1_cds_CBG35081.1_2247	lcl_FN554766.1_cds_CBG36052.1_3218	99.099	222	2	0	1	222	1	222	3.53e-112	399	222	222
lcl_FN554766.1_cds_CBG35081.1_2247	lcl_FN554766.1_cds_CBG37631.1_4797	95.946	222	9	0	1	222	1	222	1.66e-100	361	222	222
lcl_FN554766.1_cds_CBG35081.1_2247	lcl_FN554766.1_cds_CBG37326.1_4492	92.342	222	17	0	1	222	1	222	3.65e-87	316	222	222
lcl_FN554766.1_cds_CBG35082.1_2248	lcl_FN554766.1_cds_CBG37325.1_4491	94.857	350	18	0	1	350	1	350	2.06e-156	547	369	378
lcl_FN554766.1_cds_CBG35082.1_2248	lcl_FN554766.1_cds_CBG36053.1_3219	94.000	350	21	0	1	350	1	350	2.07e-151	531	369	378
lcl_FN554766.1_cds_CBG35083.1_2249	lcl_FN554766.1_cds_CBG37633.1_4799	88.589	333	36	2	44	375	44	375	4.80e-113	403	375	375
lcl_FN554766.1_cds_CBG35261.1_2427	lcl_FN554766.1_cds_CBG34987.1_2153	90.141	426	42	0	1	426	1	426	1.43e-158	555	426	426
lcl_FN554766.1_cds_CBG35423.1_2589	lcl_FN554767.1_cds_CBG27802.1_4935	100.000	378	0	0	1	378	1	378	0.0	699	378	378
lcl_FN554766.1_cds_CBG35423.1_2589	lcl_FN554767.1_cds_CBG27788.1_4921	100.000	378	0	0	1	378	1	378	0.0	699	378	378
lcl_FN554766.1_cds_CBG35423.1_2589	lcl_FN554766.1_cds_CBG34360.1_1526	100.000	378	0	0	1	378	1	378	0.0	699	378	378
lcl_FN554766.1_cds_CBG35423.1_2589	lcl_FN554766.1_cds_CBG32854.1_20	100.000	378	0	0	1	378	1	378	0.0	699	378	378
lcl_FN554766.1_cds_CBG35424.1_2590	lcl_FN554767.1_cds_CBG27803.1_4936	100.000	276	0	0	1	276	1	276	1.98e-145	510	276	276
lcl_FN554766.1_cds_CBG35424.1_2590	lcl_FN554766.1_cds_CBG34361.1_1527	99.638	276	1	0	1	276	1	276	9.21e-144	505	276	276
lcl_FN554766.1_cds_CBG35424.1_2590	lcl_FN554766.1_cds_CBG32855.1_21	99.638	276	1	0	1	276	1	276	9.21e-144	505	276	276
lcl_FN554766.1_cds_CBG35424.1_2590	lcl_FN554767.1_cds_CBG27787.1_4920	99.275	276	2	0	1	276	1	276	4.29e-142	499	276	276
lcl_FN554766.1_cds_CBG35424.1_2590	lcl_FN554766.1_cds_CBG37435.1_4601	99.275	276	2	0	1	276	1	276	4.29e-142	499	276	276
lcl_FN554766.1_cds_CBG35424.1_2590	lcl_FN554766.1_cds_CBG37649.1_4815	98.551	276	4	0	1	276	1	276	9.28e-139	488	276	276
lcl_FN554766.1_cds_CBG35424.1_2590	lcl_FN554766.1_cds_CBG36941.1_4107	97.464	276	7	0	1	276	1	276	9.34e-134	472	276	276
lcl_FN554766.1_cds_CBG35424.1_2590	lcl_FN554766.1_cds_CBG36911.1_4077	97.464	276	7	0	1	276	1	276	9.34e-134	472	276	276
lcl_FN554766.1_cds_CBG35424.1_2590	lcl_FN554766.1_cds_CBG33422.1_588	97.464	276	7	0	1	276	1	276	9.34e-134	472	276	276
lcl_FN554766.1_cds_CBG35424.1_2590	lcl_FN554766.1_cds_CBG37668.1_4834	92.754	276	20	0	1	276	1	276	4.47e-112	399	276	276
lcl_FN554766.1_cds_CBG35424.1_2590	lcl_FN554766.1_cds_CBG37605.1_4771	91.667	276	23	0	1	276	1	276	4.50e-107	383	276	276
lcl_FN554766.1_cds_CBG35614.1_2780	lcl_FN554766.1_cds_CBG37109.1_4275	100.000	522	0	0	10	531	1	522	0.0	965	531	522
lcl_FN554766.1_cds_CBG35614.1_2780	lcl_FN554766.1_cds_CBG34388.1_1554	100.000	522	0	0	10	531	1	522	0.0	965	531	522
lcl_FN554766.1_cds_CBG35614.1_2780	lcl_FN554766.1_cds_CBG33975.1_1141	100.000	522	0	0	10	531	1	522	0.0	965	531	522
lcl_FN554766.1_cds_CBG35614.1_2780	lcl_FN554766.1_cds_CBG33346.1_512	100.000	522	0	0	10	531	1	522	0.0	965	531	522
lcl_FN554766.1_cds_CBG35614.1_2780	lcl_FN554766.1_cds_CBG32840.1_6	100.000	522	0	0	10	531	1	522	0.0	965	531	522
lcl_FN554766.1_cds_CBG35615.1_2781	lcl_FN554766.1_cds_CBG37110.1_4276	100.000	723	0	0	1	723	1	723	0.0	1336	723	723
lcl_FN554766.1_cds_CBG35615.1_2781	lcl_FN554766.1_cds_CBG34387.1_1553	100.000	723	0	0	1	723	1	723	0.0	1336	723	723
lcl_FN554766.1_cds_CBG35615.1_2781	lcl_FN554766.1_cds_CBG32839.1_5	100.000	723	0	0	1	723	1	723	0.0	1336	723	723
lcl_FN554766.1_cds_CBG35615.1_2781	lcl_FN554766.1_cds_CBG33974.1_1140	98.755	723	9	0	1	723	1	723	0.0	1286	723	723
lcl_FN554766.1_cds_CBG35615.1_2781	lcl_FN554766.1_cds_CBG33347.1_513	98.617	723	10	0	1	723	1	723	0.0	1280	723	723
lcl_FN554766.1_cds_CBG35999.1_3165	lcl_FN554766.1_cds_CBG37436.1_4602	98.730	1260	16	0	1	1260	1	1260	0.0	2239	1266	1263
lcl_FN554766.1_cds_CBG36006.1_3172	lcl_FN554766.1_cds_CBG37378.1_4544	97.829	645	14	0	1	645	1	645	0.0	1114	645	645
lcl_FN554766.1_cds_CBG36007.1_3173	lcl_FN554766.1_cds_CBG37377.1_4543	97.778	270	6	0	1	270	1	270	4.25e-132	466	270	270
lcl_FN554766.1_cds_CBG36008.1_3174	lcl_FN554766.1_cds_CBG37376.1_4542	93.178	645	38	1	1	639	1	645	0.0	942	639	645
lcl_FN554766.1_cds_CBG36009.1_3175	lcl_FN554766.1_cds_CBG37375.1_4541	98.069	1191	23	0	43	1233	43	1233	0.0	2073	1233	1233
lcl_FN554766.1_cds_CBG36012.1_3178	lcl_FN554766.1_cds_CBG37370.1_4536	95.025	1789	87	2	1	1788	1	1788	0.0	2809	1788	1788
lcl_FN554766.1_cds_CBG36014.1_3180	lcl_FN554766.1_cds_CBG37345.1_4511	96.875	192	6	0	1	192	1	192	6.68e-89	322	192	192
lcl_FN554766.1_cds_CBG36015.1_3181	lcl_FN554766.1_cds_CBG37344.1_4510	96.154	234	9	0	1	234	1	234	3.76e-107	383	234	234
lcl_FN554766.1_cds_CBG36016.1_3182	lcl_FN554766.1_cds_CBG37343.1_4509	97.596	624	15	0	13	636	1	624	0.0	1070	636	624
lcl_FN554766.1_cds_CBG36040.1_3206	lcl_FN554766.1_cds_CBG37425.1_4591	99.740	1152	3	0	1	1152	1	1152	0.0	2111	1152	1152
lcl_FN554766.1_cds_CBG36049.1_3215	lcl_FN554766.1_cds_CBG37329.1_4495	91.108	821	69	2	1	819	1	819	0.0	1109	819	819
lcl_FN554766.1_cds_CBG36049.1_3215	lcl_FN554766.1_cds_CBG37628.1_4794	90.720	819	76	0	1	819	1	819	0.0	1092	819	819
lcl_FN554766.1_cds_CBG36049.1_3215	lcl_FN554766.1_cds_CBG35078.1_2244	90.743	821	72	2	1	819	1	819	0.0	1092	819	819
lcl_FN554766.1_cds_CBG36050.1_3216	lcl_FN554766.1_cds_CBG35079.1_2245	96.752	431	14	0	56	486	50	480	0.0	719	486	480
lcl_FN554766.1_cds_CBG36050.1_3216	lcl_FN554766.1_cds_CBG37328.1_4494	95.804	429	18	0	58	486	46	474	0.0	693	486	474
lcl_FN554766.1_cds_CBG36051.1_3217	lcl_FN554766.1_cds_CBG37630.1_4796	100.000	492	0	0	1	492	1	492	0.0	909	492	492
lcl_FN554766.1_cds_CBG36051.1_3217	lcl_FN554766.1_cds_CBG35080.1_2246	97.967	492	10	0	1	492	1	492	0.0	854	492	492
lcl_FN554766.1_cds_CBG36051.1_3217	lcl_FN554766.1_cds_CBG37327.1_4493	95.732	492	21	0	1	492	1	492	0.0	793	492	492
lcl_FN554766.1_cds_CBG36052.1_3218	lcl_FN554766.1_cds_CBG35081.1_2247	99.099	222	2	0	1	222	1	222	3.53e-112	399	222	222
lcl_FN554766.1_cds_CBG36052.1_3218	lcl_FN554766.1_cds_CBG37631.1_4797	95.946	222	9	0	1	222	1	222	1.66e-100	361	222	222
lcl_FN554766.1_cds_CBG36052.1_3218	lcl_FN554766.1_cds_CBG37326.1_4492	92.793	222	16	0	1	222	1	222	7.85e-89	322	222	222
lcl_FN554766.1_cds_CBG36053.1_3219	lcl_FN554766.1_cds_CBG37325.1_4491	95.503	378	17	0	1	378	1	378	1.24e-173	604	378	378
lcl_FN554766.1_cds_CBG36053.1_3219	lcl_FN554766.1_cds_CBG35082.1_2248	94.000	350	21	0	1	350	1	350	2.13e-151	531	378	369
lcl_FN554766.1_cds_CBG36054.1_3220	lcl_FN554766.1_cds_CBG37324.1_4490	98.148	378	7	0	1	378	1	378	0.0	660	378	378
lcl_FN554766.1_cds_CBG36054.1_3220	lcl_FN554766.1_cds_CBG37633.1_4799	93.011	372	26	0	1	372	1	372	2.73e-155	544	378	375
lcl_FN554766.1_cds_CBG36057.1_3223	lcl_FN554766.1_cds_CBG37322.1_4488	93.832	843	52	0	1	843	1	843	0.0	1269	843	843
lcl_FN554766.1_cds_CBG36425.1_3591	lcl_FN554766.1_cds_CBG37171.1_4337	98.818	1184	14	0	2	1185	2	1185	0.0	2109	1185	1185
lcl_FN554766.1_cds_CBG36637.1_3803	lcl_FN554766.1_cds_CBG34447.1_1613	96.645	1401	47	0	1	1401	1	1401	0.0	2327	1401	1401
lcl_FN554766.1_cds_CBG36664.1_3830	lcl_FN554766.1_cds_CBG36667.1_3833	96.296	108	4	0	1	108	1	108	7.88e-46	178	108	108
lcl_FN554766.1_cds_CBG36664.1_3830	lcl_FN554766.1_cds_CBG36665.1_3831	96.296	108	4	0	1	108	1	108	7.88e-46	178	108	108
lcl_FN554766.1_cds_CBG36664.1_3830	lcl_FN554766.1_cds_CBG36668.1_3834	93.519	108	7	0	1	108	1	108	7.94e-41	161	108	108
lcl_FN554766.1_cds_CBG36664.1_3830	lcl_FN554766.1_cds_CBG36666.1_3832	93.519	108	7	0	1	108	1	108	7.94e-41	161	108	108
lcl_FN554766.1_cds_CBG36665.1_3831	lcl_FN554766.1_cds_CBG36667.1_3833	98.148	108	2	0	1	108	1	108	3.64e-49	189	108	108
lcl_FN554766.1_cds_CBG36665.1_3831	lcl_FN554766.1_cds_CBG36668.1_3834	97.222	108	3	0	1	108	1	108	1.69e-47	183	108	108
lcl_FN554766.1_cds_CBG36665.1_3831	lcl_FN554766.1_cds_CBG36666.1_3832	97.222	108	3	0	1	108	1	108	1.69e-47	183	108	108
lcl_FN554766.1_cds_CBG36665.1_3831	lcl_FN554766.1_cds_CBG36664.1_3830	96.296	108	4	0	1	108	1	108	7.88e-46	178	108	108
lcl_FN554766.1_cds_CBG36666.1_3832	lcl_FN554766.1_cds_CBG36668.1_3834	100.000	108	0	0	1	108	1	108	1.68e-52	200	108	108
lcl_FN554766.1_cds_CBG36666.1_3832	lcl_FN554766.1_cds_CBG36667.1_3833	97.222	108	3	0	1	108	1	108	1.69e-47	183	108	108
lcl_FN554766.1_cds_CBG36666.1_3832	lcl_FN554766.1_cds_CBG36665.1_3831	97.222	108	3	0	1	108	1	108	1.69e-47	183	108	108
lcl_FN554766.1_cds_CBG36666.1_3832	lcl_FN554766.1_cds_CBG36664.1_3830	93.519	108	7	0	1	108	1	108	7.94e-41	161	108	108
lcl_FN554766.1_cds_CBG36667.1_3833	lcl_FN554766.1_cds_CBG36665.1_3831	98.148	108	2	0	1	108	1	108	3.64e-49	189	108	108
lcl_FN554766.1_cds_CBG36667.1_3833	lcl_FN554766.1_cds_CBG36668.1_3834	97.222	108	3	0	1	108	1	108	1.69e-47	183	108	108
lcl_FN554766.1_cds_CBG36667.1_3833	lcl_FN554766.1_cds_CBG36666.1_3832	97.222	108	3	0	1	108	1	108	1.69e-47	183	108	108
lcl_FN554766.1_cds_CBG36667.1_3833	lcl_FN554766.1_cds_CBG36664.1_3830	96.296	108	4	0	1	108	1	108	7.88e-46	178	108	108
lcl_FN554766.1_cds_CBG36668.1_3834	lcl_FN554766.1_cds_CBG36666.1_3832	100.000	108	0	0	1	108	1	108	1.68e-52	200	108	108
lcl_FN554766.1_cds_CBG36668.1_3834	lcl_FN554766.1_cds_CBG36667.1_3833	97.222	108	3	0	1	108	1	108	1.69e-47	183	108	108
lcl_FN554766.1_cds_CBG36668.1_3834	lcl_FN554766.1_cds_CBG36665.1_3831	97.222	108	3	0	1	108	1	108	1.69e-47	183	108	108
lcl_FN554766.1_cds_CBG36668.1_3834	lcl_FN554766.1_cds_CBG36664.1_3830	93.519	108	7	0	1	108	1	108	7.94e-41	161	108	108
lcl_FN554766.1_cds_CBG36910.1_4076	lcl_FN554766.1_cds_CBG36940.1_4106	100.000	504	0	0	1	504	1	504	0.0	931	504	504
lcl_FN554766.1_cds_CBG36910.1_4076	lcl_FN554766.1_cds_CBG33421.1_587	100.000	504	0	0	1	504	1	504	0.0	931	504	504
lcl_FN554766.1_cds_CBG36910.1_4076	lcl_FN554766.1_cds_CBG37648.1_4814	98.611	504	7	0	1	504	1	504	0.0	893	504	504
lcl_FN554766.1_cds_CBG36910.1_4076	lcl_FN554766.1_cds_CBG37434.1_4600	98.608	503	7	0	2	504	2	504	0.0	891	504	504
lcl_FN554766.1_cds_CBG36911.1_4077	lcl_FN554766.1_cds_CBG36941.1_4107	100.000	276	0	0	1	276	1	276	1.98e-145	510	276	276
lcl_FN554766.1_cds_CBG36911.1_4077	lcl_FN554766.1_cds_CBG33422.1_588	100.000	276	0	0	1	276	1	276	1.98e-145	510	276	276
lcl_FN554766.1_cds_CBG36911.1_4077	lcl_FN554767.1_cds_CBG27787.1_4920	98.188	276	5	0	1	276	1	276	4.32e-137	483	276	276
lcl_FN554766.1_cds_CBG36911.1_4077	lcl_FN554766.1_cds_CBG37649.1_4815	98.188	276	5	0	1	276	1	276	4.32e-137	483	276	276
lcl_FN554766.1_cds_CBG36911.1_4077	lcl_FN554766.1_cds_CBG37435.1_4601	98.188	276	5	0	1	276	1	276	4.32e-137	483	276	276
lcl_FN554766.1_cds_CBG36911.1_4077	lcl_FN554766.1_cds_CBG34361.1_1527	97.826	276	6	0	1	276	1	276	2.01e-135	477	276	276
lcl_FN554766.1_cds_CBG36911.1_4077	lcl_FN554766.1_cds_CBG32855.1_21	97.826	276	6	0	1	276	1	276	2.01e-135	477	276	276
lcl_FN554766.1_cds_CBG36911.1_4077	lcl_FN554767.1_cds_CBG27803.1_4936	97.464	276	7	0	1	276	1	276	9.34e-134	472	276	276
lcl_FN554766.1_cds_CBG36911.1_4077	lcl_FN554766.1_cds_CBG35424.1_2590	97.464	276	7	0	1	276	1	276	9.34e-134	472	276	276
lcl_FN554766.1_cds_CBG36911.1_4077	lcl_FN554766.1_cds_CBG37668.1_4834	91.304	276	24	0	1	276	1	276	2.10e-105	377	276	276
lcl_FN554766.1_cds_CBG36911.1_4077	lcl_FN554766.1_cds_CBG37605.1_4771	90.217	276	27	0	1	276	1	276	2.11e-100	361	276	276
lcl_FN554766.1_cds_CBG36940.1_4106	lcl_FN554766.1_cds_CBG36910.1_4076	100.000	504	0	0	1	504	1	504	0.0	931	504	504
lcl_FN554766.1_cds_CBG36940.1_4106	lcl_FN554766.1_cds_CBG33421.1_587	100.000	504	0	0	1	504	1	504	0.0	931	504	504
lcl_FN554766.1_cds_CBG36940.1_4106	lcl_FN554766.1_cds_CBG37648.1_4814	98.611	504	7	0	1	504	1	504	0.0	893	504	504
lcl_FN554766.1_cds_CBG36940.1_4106	lcl_FN554766.1_cds_CBG37434.1_4600	98.608	503	7	0	2	504	2	504	0.0	891	504	504
lcl_FN554766.1_cds_CBG36941.1_4107	lcl_FN554766.1_cds_CBG36911.1_4077	100.000	276	0	0	1	276	1	276	1.98e-145	510	276	276
lcl_FN554766.1_cds_CBG36941.1_4107	lcl_FN554766.1_cds_CBG33422.1_588	100.000	276	0	0	1	276	1	276	1.98e-145	510	276	276
lcl_FN554766.1_cds_CBG36941.1_4107	lcl_FN554767.1_cds_CBG27787.1_4920	98.188	276	5	0	1	276	1	276	4.32e-137	483	276	276
lcl_FN554766.1_cds_CBG36941.1_4107	lcl_FN554766.1_cds_CBG37649.1_4815	98.188	276	5	0	1	276	1	276	4.32e-137	483	276	276
lcl_FN554766.1_cds_CBG36941.1_4107	lcl_FN554766.1_cds_CBG37435.1_4601	98.188	276	5	0	1	276	1	276	4.32e-137	483	276	276
lcl_FN554766.1_cds_CBG36941.1_4107	lcl_FN554766.1_cds_CBG34361.1_1527	97.826	276	6	0	1	276	1	276	2.01e-135	477	276	276
lcl_FN554766.1_cds_CBG36941.1_4107	lcl_FN554766.1_cds_CBG32855.1_21	97.826	276	6	0	1	276	1	276	2.01e-135	477	276	276
lcl_FN554766.1_cds_CBG36941.1_4107	lcl_FN554767.1_cds_CBG27803.1_4936	97.464	276	7	0	1	276	1	276	9.34e-134	472	276	276
lcl_FN554766.1_cds_CBG36941.1_4107	lcl_FN554766.1_cds_CBG35424.1_2590	97.464	276	7	0	1	276	1	276	9.34e-134	472	276	276
lcl_FN554766.1_cds_CBG36941.1_4107	lcl_FN554766.1_cds_CBG37668.1_4834	91.304	276	24	0	1	276	1	276	2.10e-105	377	276	276
lcl_FN554766.1_cds_CBG36941.1_4107	lcl_FN554766.1_cds_CBG37605.1_4771	90.217	276	27	0	1	276	1	276	2.11e-100	361	276	276
lcl_FN554766.1_cds_CBG37109.1_4275	lcl_FN554766.1_cds_CBG35614.1_2780	100.000	522	0	0	1	522	10	531	0.0	965	522	531
lcl_FN554766.1_cds_CBG37109.1_4275	lcl_FN554766.1_cds_CBG34388.1_1554	100.000	522	0	0	1	522	1	522	0.0	965	522	522
lcl_FN554766.1_cds_CBG37109.1_4275	lcl_FN554766.1_cds_CBG33975.1_1141	100.000	522	0	0	1	522	1	522	0.0	965	522	522
lcl_FN554766.1_cds_CBG37109.1_4275	lcl_FN554766.1_cds_CBG33346.1_512	100.000	522	0	0	1	522	1	522	0.0	965	522	522
lcl_FN554766.1_cds_CBG37109.1_4275	lcl_FN554766.1_cds_CBG32840.1_6	100.000	522	0	0	1	522	1	522	0.0	965	522	522
lcl_FN554766.1_cds_CBG37110.1_4276	lcl_FN554766.1_cds_CBG35615.1_2781	100.000	723	0	0	1	723	1	723	0.0	1336	723	723
lcl_FN554766.1_cds_CBG37110.1_4276	lcl_FN554766.1_cds_CBG34387.1_1553	100.000	723	0	0	1	723	1	723	0.0	1336	723	723
lcl_FN554766.1_cds_CBG37110.1_4276	lcl_FN554766.1_cds_CBG32839.1_5	100.000	723	0	0	1	723	1	723	0.0	1336	723	723
lcl_FN554766.1_cds_CBG37110.1_4276	lcl_FN554766.1_cds_CBG33974.1_1140	98.755	723	9	0	1	723	1	723	0.0	1286	723	723
lcl_FN554766.1_cds_CBG37110.1_4276	lcl_FN554766.1_cds_CBG33347.1_513	98.617	723	10	0	1	723	1	723	0.0	1280	723	723
lcl_FN554766.1_cds_CBG37171.1_4337	lcl_FN554766.1_cds_CBG36425.1_3591	98.818	1184	14	0	2	1185	2	1185	0.0	2109	1185	1185
lcl_FN554766.1_cds_CBG37322.1_4488	lcl_FN554766.1_cds_CBG36057.1_3223	93.832	843	52	0	1	843	1	843	0.0	1269	843	843
lcl_FN554766.1_cds_CBG37324.1_4490	lcl_FN554766.1_cds_CBG36054.1_3220	98.148	378	7	0	1	378	1	378	0.0	660	378	378
lcl_FN554766.1_cds_CBG37324.1_4490	lcl_FN554766.1_cds_CBG37633.1_4799	93.280	372	25	0	1	372	1	372	5.87e-157	549	378	375
lcl_FN554766.1_cds_CBG37325.1_4491	lcl_FN554766.1_cds_CBG36053.1_3219	95.503	378	17	0	1	378	1	378	1.24e-173	604	378	378
lcl_FN554766.1_cds_CBG37325.1_4491	lcl_FN554766.1_cds_CBG35082.1_2248	94.857	350	18	0	1	350	1	350	2.11e-156	547	378	369
lcl_FN554766.1_cds_CBG37326.1_4492	lcl_FN554766.1_cds_CBG37631.1_4797	93.694	222	14	0	1	222	1	222	3.63e-92	333	222	222
lcl_FN554766.1_cds_CBG37326.1_4492	lcl_FN554766.1_cds_CBG36052.1_3218	92.793	222	16	0	1	222	1	222	7.85e-89	322	222	222
lcl_FN554766.1_cds_CBG37326.1_4492	lcl_FN554766.1_cds_CBG35081.1_2247	92.342	222	17	0	1	222	1	222	3.65e-87	316	222	222
lcl_FN554766.1_cds_CBG37327.1_4493	lcl_FN554766.1_cds_CBG37630.1_4796	95.732	492	21	0	1	492	1	492	0.0	793	492	492
lcl_FN554766.1_cds_CBG37327.1_4493	lcl_FN554766.1_cds_CBG36051.1_3217	95.732	492	21	0	1	492	1	492	0.0	793	492	492
lcl_FN554766.1_cds_CBG37327.1_4493	lcl_FN554766.1_cds_CBG35080.1_2246	95.732	492	21	0	1	492	1	492	0.0	793	492	492
lcl_FN554766.1_cds_CBG37328.1_4494	lcl_FN554766.1_cds_CBG36050.1_3216	95.804	429	18	0	46	474	58	486	0.0	693	474	486
lcl_FN554766.1_cds_CBG37328.1_4494	lcl_FN554766.1_cds_CBG35079.1_2245	96.098	410	16	0	65	474	71	480	0.0	669	474	480
lcl_FN554766.1_cds_CBG37329.1_4495	lcl_FN554766.1_cds_CBG35078.1_2244	96.825	819	26	0	1	819	1	819	0.0	1369	819	819
lcl_FN554766.1_cds_CBG37329.1_4495	lcl_FN554766.1_cds_CBG37628.1_4794	94.519	821	41	3	1	819	1	819	0.0	1264	819	819
lcl_FN554766.1_cds_CBG37329.1_4495	lcl_FN554766.1_cds_CBG36049.1_3215	91.108	821	69	2	1	819	1	819	0.0	1109	819	819
lcl_FN554766.1_cds_CBG37330.1_4496	lcl_FN554766.1_cds_CBG35077.1_2243	99.573	234	1	0	1	234	1	234	1.71e-120	427	234	234
lcl_FN554766.1_cds_CBG37331.1_4497	lcl_FN554766.1_cds_CBG35076.1_2242	99.342	456	3	0	1	456	1	456	0.0	826	456	456
lcl_FN554766.1_cds_CBG37332.1_4498	lcl_FN554766.1_cds_CBG35075.1_2241	97.339	2518	65	2	1	2517	7	2523	0.0	4277	2517	2523
lcl_FN554766.1_cds_CBG37333.1_4499	lcl_FN554766.1_cds_CBG35074.1_2240	88.471	3140	322	32	7	3126	1	3120	0.0	3757	3126	3120
lcl_FN554766.1_cds_CBG37334.1_4500	lcl_FN554766.1_cds_CBG35073.1_2239	96.449	873	31	0	1	873	40	912	0.0	1441	873	912
lcl_FN554766.1_cds_CBG37334.1_4500	lcl_FN554766.1_cds_CBG37625.1_4791	95.304	873	41	0	1	873	1	873	0.0	1386	873	873
lcl_FN554766.1_cds_CBG37338.1_4504	lcl_FN554766.1_cds_CBG37620.1_4786	89.680	281	25	4	1	279	1	279	9.93e-99	355	279	279
lcl_FN554766.1_cds_CBG37340.1_4506	lcl_FN554766.1_cds_CBG37617.1_4783	92.115	558	42	2	1	557	1	557	0.0	785	570	570
lcl_FN554766.1_cds_CBG37340.1_4506	lcl_FN554766.1_cds_CBG35067.1_2233	91.935	558	43	2	1	557	1	557	0.0	780	570	570
lcl_FN554766.1_cds_CBG37341.1_4507	lcl_FN554766.1_cds_CBG37616.1_4782	89.160	369	40	0	1	369	1	369	2.93e-130	460	390	408
lcl_FN554766.1_cds_CBG37341.1_4507	lcl_FN554766.1_cds_CBG35066.1_2232	89.160	369	40	0	1	369	1	369	2.93e-130	460	390	408
lcl_FN554766.1_cds_CBG37343.1_4509	lcl_FN554766.1_cds_CBG36016.1_3182	97.596	624	15	0	1	624	13	636	0.0	1070	624	636
lcl_FN554766.1_cds_CBG37344.1_4510	lcl_FN554766.1_cds_CBG36015.1_3181	96.154	234	9	0	1	234	1	234	3.76e-107	383	234	234
lcl_FN554766.1_cds_CBG37345.1_4511	lcl_FN554766.1_cds_CBG36014.1_3180	96.875	192	6	0	1	192	1	192	6.68e-89	322	192	192
lcl_FN554766.1_cds_CBG37357.1_4523	lcl_FN554766.1_cds_CBG37358.1_4524	100.000	600	0	0	1	600	1	600	0.0	1109	678	678
lcl_FN554766.1_cds_CBG37358.1_4524	lcl_FN554766.1_cds_CBG37357.1_4523	100.000	600	0	0	1	600	1	600	0.0	1109	678	678
lcl_FN554766.1_cds_CBG37370.1_4536	lcl_FN554766.1_cds_CBG36012.1_3178	95.025	1789	87	2	1	1788	1	1788	0.0	2809	1788	1788
lcl_FN554766.1_cds_CBG37375.1_4541	lcl_FN554766.1_cds_CBG36009.1_3175	98.069	1191	23	0	43	1233	43	1233	0.0	2073	1233	1233
lcl_FN554766.1_cds_CBG37376.1_4542	lcl_FN554766.1_cds_CBG36008.1_3174	93.178	645	38	1	1	645	1	639	0.0	942	645	639
lcl_FN554766.1_cds_CBG37377.1_4543	lcl_FN554766.1_cds_CBG36007.1_3173	97.778	270	6	0	1	270	1	270	4.25e-132	466	270	270
lcl_FN554766.1_cds_CBG37378.1_4544	lcl_FN554766.1_cds_CBG36006.1_3172	97.829	645	14	0	1	645	1	645	0.0	1114	645	645
lcl_FN554766.1_cds_CBG37405.1_4571	lcl_FN554767.1_cds_CBG27905.1_5036	93.617	282	15	1	1	279	1	282	1.25e-117	418	279	327
lcl_FN554766.1_cds_CBG37405.1_4571	lcl_FN554767.1_cds_CBG27791.1_4924	93.617	282	15	1	1	279	1	282	1.25e-117	418	279	327
lcl_FN554766.1_cds_CBG37405.1_4571	lcl_FN554767.1_cds_CBG27782.1_4915	93.617	282	15	1	1	279	1	282	1.25e-117	418	279	327
lcl_FN554766.1_cds_CBG37410.1_4576	lcl_FN554766.1_cds_CBG37413.1_4579	97.795	1134	25	0	1	1134	1	1134	0.0	1956	1134	1134
lcl_FN554766.1_cds_CBG37413.1_4579	lcl_FN554766.1_cds_CBG37410.1_4576	97.795	1134	25	0	1	1134	1	1134	0.0	1956	1134	1134
lcl_FN554766.1_cds_CBG37414.1_4580	lcl_FN554766.1_cds_CBG37582.1_4748	88.758	1441	157	5	1	1439	1	1438	0.0	1759	1569	1614
lcl_FN554766.1_cds_CBG37415.1_4581	lcl_FN554766.1_cds_CBG37581.1_4747	93.447	351	23	0	1	351	1	351	1.18e-148	521	351	351
lcl_FN554766.1_cds_CBG37425.1_4591	lcl_FN554766.1_cds_CBG36040.1_3206	99.740	1152	3	0	1	1152	1	1152	0.0	2111	1152	1152
lcl_FN554766.1_cds_CBG37434.1_4600	lcl_FN554766.1_cds_CBG37648.1_4814	99.602	503	2	0	2	504	2	504	0.0	918	504	504
lcl_FN554766.1_cds_CBG37434.1_4600	lcl_FN554766.1_cds_CBG36940.1_4106	98.608	503	7	0	2	504	2	504	0.0	891	504	504
lcl_FN554766.1_cds_CBG37434.1_4600	lcl_FN554766.1_cds_CBG36910.1_4076	98.608	503	7	0	2	504	2	504	0.0	891	504	504
lcl_FN554766.1_cds_CBG37434.1_4600	lcl_FN554766.1_cds_CBG33421.1_587	98.608	503	7	0	2	504	2	504	0.0	891	504	504
lcl_FN554766.1_cds_CBG37435.1_4601	lcl_FN554767.1_cds_CBG27787.1_4920	100.000	276	0	0	1	276	1	276	1.98e-145	510	276	276
lcl_FN554766.1_cds_CBG37435.1_4601	lcl_FN554766.1_cds_CBG34361.1_1527	99.638	276	1	0	1	276	1	276	9.21e-144	505	276	276
lcl_FN554766.1_cds_CBG37435.1_4601	lcl_FN554766.1_cds_CBG32855.1_21	99.638	276	1	0	1	276	1	276	9.21e-144	505	276	276
lcl_FN554766.1_cds_CBG37435.1_4601	lcl_FN554767.1_cds_CBG27803.1_4936	99.275	276	2	0	1	276	1	276	4.29e-142	499	276	276
lcl_FN554766.1_cds_CBG37435.1_4601	lcl_FN554766.1_cds_CBG37649.1_4815	99.275	276	2	0	1	276	1	276	4.29e-142	499	276	276
lcl_FN554766.1_cds_CBG37435.1_4601	lcl_FN554766.1_cds_CBG35424.1_2590	99.275	276	2	0	1	276	1	276	4.29e-142	499	276	276
lcl_FN554766.1_cds_CBG37435.1_4601	lcl_FN554766.1_cds_CBG36941.1_4107	98.188	276	5	0	1	276	1	276	4.32e-137	483	276	276
lcl_FN554766.1_cds_CBG37435.1_4601	lcl_FN554766.1_cds_CBG36911.1_4077	98.188	276	5	0	1	276	1	276	4.32e-137	483	276	276
lcl_FN554766.1_cds_CBG37435.1_4601	lcl_FN554766.1_cds_CBG33422.1_588	98.188	276	5	0	1	276	1	276	4.32e-137	483	276	276
lcl_FN554766.1_cds_CBG37435.1_4601	lcl_FN554766.1_cds_CBG37668.1_4834	92.391	276	21	0	1	276	1	276	2.08e-110	394	276	276
lcl_FN554766.1_cds_CBG37435.1_4601	lcl_FN554766.1_cds_CBG37605.1_4771	91.304	276	24	0	1	276	1	276	2.10e-105	377	276	276
lcl_FN554766.1_cds_CBG37436.1_4602	lcl_FN554766.1_cds_CBG35999.1_3165	98.730	1260	16	0	1	1260	1	1260	0.0	2239	1263	1266
lcl_FN554766.1_cds_CBG37578.1_4744	lcl_FN554766.1_cds_CBG37636.1_4802	98.907	366	4	0	1	366	46	411	0.0	654	366	411
lcl_FN554766.1_cds_CBG37581.1_4747	lcl_FN554766.1_cds_CBG37415.1_4581	93.447	351	23	0	1	351	1	351	1.18e-148	521	351	351
lcl_FN554766.1_cds_CBG37582.1_4748	lcl_FN554766.1_cds_CBG37414.1_4580	88.758	1441	157	5	1	1438	1	1439	0.0	1759	1614	1569
lcl_FN554766.1_cds_CBG37592.1_4758	lcl_FN554767.1_cds_CBG27777.1_4910	98.843	951	11	0	1	951	1	951	0.0	1696	951	951
lcl_FN554766.1_cds_CBG37593.1_4759	lcl_FN554767.1_cds_CBG27776.1_4909	99.174	1089	9	0	1	1089	1	1089	0.0	1962	1089	1089
lcl_FN554766.1_cds_CBG37594.1_4760	lcl_FN554767.1_cds_CBG27775.1_4908	98.232	792	14	0	31	822	1	792	0.0	1386	822	792
lcl_FN554766.1_cds_CBG37605.1_4771	lcl_FN554766.1_cds_CBG37668.1_4834	98.913	276	3	0	1	276	1	276	1.99e-140	494	276	276
lcl_FN554766.1_cds_CBG37605.1_4771	lcl_FN554767.1_cds_CBG27803.1_4936	91.667	276	23	0	1	276	1	276	4.50e-107	383	276	276
lcl_FN554766.1_cds_CBG37605.1_4771	lcl_FN554766.1_cds_CBG35424.1_2590	91.667	276	23	0	1	276	1	276	4.50e-107	383	276	276
lcl_FN554766.1_cds_CBG37605.1_4771	lcl_FN554767.1_cds_CBG27787.1_4920	91.304	276	24	0	1	276	1	276	2.10e-105	377	276	276
lcl_FN554766.1_cds_CBG37605.1_4771	lcl_FN554766.1_cds_CBG37649.1_4815	91.304	276	24	0	1	276	1	276	2.10e-105	377	276	276
lcl_FN554766.1_cds_CBG37605.1_4771	lcl_FN554766.1_cds_CBG37435.1_4601	91.304	276	24	0	1	276	1	276	2.10e-105	377	276	276
lcl_FN554766.1_cds_CBG37605.1_4771	lcl_FN554766.1_cds_CBG34361.1_1527	91.304	276	24	0	1	276	1	276	2.10e-105	377	276	276
lcl_FN554766.1_cds_CBG37605.1_4771	lcl_FN554766.1_cds_CBG32855.1_21	91.304	276	24	0	1	276	1	276	2.10e-105	377	276	276
lcl_FN554766.1_cds_CBG37605.1_4771	lcl_FN554766.1_cds_CBG36941.1_4107	90.217	276	27	0	1	276	1	276	2.11e-100	361	276	276
lcl_FN554766.1_cds_CBG37605.1_4771	lcl_FN554766.1_cds_CBG36911.1_4077	90.217	276	27	0	1	276	1	276	2.11e-100	361	276	276
lcl_FN554766.1_cds_CBG37605.1_4771	lcl_FN554766.1_cds_CBG33422.1_588	90.217	276	27	0	1	276	1	276	2.11e-100	361	276	276
lcl_FN554766.1_cds_CBG37613.1_4779	lcl_FN554767.1_cds_CBG27767.1_4900	98.563	348	5	0	1	348	1	348	5.23e-177	616	348	348
lcl_FN554766.1_cds_CBG37614.1_4780	lcl_FN554767.1_cds_CBG27768.1_4901	98.507	402	6	0	1	402	1	402	0.0	710	402	402
lcl_FN554766.1_cds_CBG37616.1_4782	lcl_FN554766.1_cds_CBG35066.1_2232	100.000	408	0	0	1	408	1	408	0.0	754	408	408
lcl_FN554766.1_cds_CBG37616.1_4782	lcl_FN554766.1_cds_CBG37341.1_4507	89.160	369	40	0	1	369	1	369	3.06e-130	460	408	390
lcl_FN554766.1_cds_CBG37617.1_4783	lcl_FN554766.1_cds_CBG35067.1_2233	99.825	570	1	0	1	570	1	570	0.0	1048	570	570
lcl_FN554766.1_cds_CBG37617.1_4783	lcl_FN554766.1_cds_CBG37340.1_4506	92.115	558	42	2	1	557	1	557	0.0	785	570	570
lcl_FN554766.1_cds_CBG37618.1_4784	lcl_FN554766.1_cds_CBG35068.1_2234	95.455	198	2	3	1	194	1	195	5.47e-85	309	201	195
lcl_FN554766.1_cds_CBG37620.1_4786	lcl_FN554766.1_cds_CBG37338.1_4504	89.680	281	25	4	1	279	1	279	9.93e-99	355	279	279
lcl_FN554766.1_cds_CBG37621.1_4787	lcl_FN554766.1_cds_CBG35070.1_2236	96.552	609	21	0	1	609	1	609	0.0	1009	609	609
lcl_FN554766.1_cds_CBG37625.1_4791	lcl_FN554766.1_cds_CBG35073.1_2239	96.105	873	34	0	1	873	40	912	0.0	1424	873	912
lcl_FN554766.1_cds_CBG37625.1_4791	lcl_FN554766.1_cds_CBG37334.1_4500	95.304	873	41	0	1	873	1	873	0.0	1386	873	873
lcl_FN554766.1_cds_CBG37628.1_4794	lcl_FN554766.1_cds_CBG37329.1_4495	94.519	821	41	3	1	819	1	819	0.0	1264	819	819
lcl_FN554766.1_cds_CBG37628.1_4794	lcl_FN554766.1_cds_CBG35078.1_2244	93.544	821	49	3	1	819	1	819	0.0	1219	819	819
lcl_FN554766.1_cds_CBG37628.1_4794	lcl_FN554766.1_cds_CBG36049.1_3215	90.720	819	76	0	1	819	1	819	0.0	1092	819	819
lcl_FN554766.1_cds_CBG37630.1_4796	lcl_FN554766.1_cds_CBG36051.1_3217	100.000	492	0	0	1	492	1	492	0.0	909	492	492
lcl_FN554766.1_cds_CBG37630.1_4796	lcl_FN554766.1_cds_CBG35080.1_2246	97.967	492	10	0	1	492	1	492	0.0	854	492	492
lcl_FN554766.1_cds_CBG37630.1_4796	lcl_FN554766.1_cds_CBG37327.1_4493	95.732	492	21	0	1	492	1	492	0.0	793	492	492
lcl_FN554766.1_cds_CBG37631.1_4797	lcl_FN554766.1_cds_CBG36052.1_3218	95.946	222	9	0	1	222	1	222	1.66e-100	361	222	222
lcl_FN554766.1_cds_CBG37631.1_4797	lcl_FN554766.1_cds_CBG35081.1_2247	95.946	222	9	0	1	222	1	222	1.66e-100	361	222	222
lcl_FN554766.1_cds_CBG37631.1_4797	lcl_FN554766.1_cds_CBG37326.1_4492	93.694	222	14	0	1	222	1	222	3.63e-92	333	222	222
lcl_FN554766.1_cds_CBG37633.1_4799	lcl_FN554766.1_cds_CBG37324.1_4490	93.280	372	25	0	1	372	1	372	5.83e-157	549	375	378
lcl_FN554766.1_cds_CBG37633.1_4799	lcl_FN554766.1_cds_CBG36054.1_3220	93.011	372	26	0	1	372	1	372	2.71e-155	544	375	378
lcl_FN554766.1_cds_CBG37633.1_4799	lcl_FN554766.1_cds_CBG35083.1_2249	88.589	333	36	2	44	375	44	375	4.80e-113	403	375	375
lcl_FN554766.1_cds_CBG37636.1_4802	lcl_FN554766.1_cds_CBG37578.1_4744	98.907	366	4	0	46	411	1	366	0.0	654	411	366
lcl_FN554766.1_cds_CBG37648.1_4814	lcl_FN554766.1_cds_CBG37434.1_4600	99.602	503	2	0	2	504	2	504	0.0	918	504	504
lcl_FN554766.1_cds_CBG37648.1_4814	lcl_FN554766.1_cds_CBG36940.1_4106	98.611	504	7	0	1	504	1	504	0.0	893	504	504
lcl_FN554766.1_cds_CBG37648.1_4814	lcl_FN554766.1_cds_CBG36910.1_4076	98.611	504	7	0	1	504	1	504	0.0	893	504	504
lcl_FN554766.1_cds_CBG37648.1_4814	lcl_FN554766.1_cds_CBG33421.1_587	98.611	504	7	0	1	504	1	504	0.0	893	504	504
lcl_FN554766.1_cds_CBG37649.1_4815	lcl_FN554767.1_cds_CBG27787.1_4920	99.275	276	2	0	1	276	1	276	4.29e-142	499	276	276
lcl_FN554766.1_cds_CBG37649.1_4815	lcl_FN554766.1_cds_CBG37435.1_4601	99.275	276	2	0	1	276	1	276	4.29e-142	499	276	276
lcl_FN554766.1_cds_CBG37649.1_4815	lcl_FN554766.1_cds_CBG34361.1_1527	98.913	276	3	0	1	276	1	276	1.99e-140	494	276	276
lcl_FN554766.1_cds_CBG37649.1_4815	lcl_FN554766.1_cds_CBG32855.1_21	98.913	276	3	0	1	276	1	276	1.99e-140	494	276	276
lcl_FN554766.1_cds_CBG37649.1_4815	lcl_FN554767.1_cds_CBG27803.1_4936	98.551	276	4	0	1	276	1	276	9.28e-139	488	276	276
lcl_FN554766.1_cds_CBG37649.1_4815	lcl_FN554766.1_cds_CBG35424.1_2590	98.551	276	4	0	1	276	1	276	9.28e-139	488	276	276
lcl_FN554766.1_cds_CBG37649.1_4815	lcl_FN554766.1_cds_CBG36941.1_4107	98.188	276	5	0	1	276	1	276	4.32e-137	483	276	276
lcl_FN554766.1_cds_CBG37649.1_4815	lcl_FN554766.1_cds_CBG36911.1_4077	98.188	276	5	0	1	276	1	276	4.32e-137	483	276	276
lcl_FN554766.1_cds_CBG37649.1_4815	lcl_FN554766.1_cds_CBG33422.1_588	98.188	276	5	0	1	276	1	276	4.32e-137	483	276	276
lcl_FN554766.1_cds_CBG37649.1_4815	lcl_FN554766.1_cds_CBG37668.1_4834	92.391	276	21	0	1	276	1	276	2.08e-110	394	276	276
lcl_FN554766.1_cds_CBG37649.1_4815	lcl_FN554766.1_cds_CBG37605.1_4771	91.304	276	24	0	1	276	1	276	2.10e-105	377	276	276
lcl_FN554766.1_cds_CBG37668.1_4834	lcl_FN554766.1_cds_CBG37605.1_4771	98.913	276	3	0	1	276	1	276	1.99e-140	494	276	276
lcl_FN554766.1_cds_CBG37668.1_4834	lcl_FN554767.1_cds_CBG27803.1_4936	92.754	276	20	0	1	276	1	276	4.47e-112	399	276	276
lcl_FN554766.1_cds_CBG37668.1_4834	lcl_FN554766.1_cds_CBG35424.1_2590	92.754	276	20	0	1	276	1	276	4.47e-112	399	276	276
lcl_FN554766.1_cds_CBG37668.1_4834	lcl_FN554767.1_cds_CBG27787.1_4920	92.391	276	21	0	1	276	1	276	2.08e-110	394	276	276
lcl_FN554766.1_cds_CBG37668.1_4834	lcl_FN554766.1_cds_CBG37649.1_4815	92.391	276	21	0	1	276	1	276	2.08e-110	394	276	276
lcl_FN554766.1_cds_CBG37668.1_4834	lcl_FN554766.1_cds_CBG37435.1_4601	92.391	276	21	0	1	276	1	276	2.08e-110	394	276	276
lcl_FN554766.1_cds_CBG37668.1_4834	lcl_FN554766.1_cds_CBG34361.1_1527	92.391	276	21	0	1	276	1	276	2.08e-110	394	276	276
lcl_FN554766.1_cds_CBG37668.1_4834	lcl_FN554766.1_cds_CBG32855.1_21	92.391	276	21	0	1	276	1	276	2.08e-110	394	276	276
lcl_FN554766.1_cds_CBG37668.1_4834	lcl_FN554766.1_cds_CBG36941.1_4107	91.304	276	24	0	1	276	1	276	2.10e-105	377	276	276
lcl_FN554766.1_cds_CBG37668.1_4834	lcl_FN554766.1_cds_CBG36911.1_4077	91.304	276	24	0	1	276	1	276	2.10e-105	377	276	276
lcl_FN554766.1_cds_CBG37668.1_4834	lcl_FN554766.1_cds_CBG33422.1_588	91.304	276	24	0	1	276	1	276	2.10e-105	377	276	276
lcl_FN554767.1_cds_CBG27754.1_4887	lcl_FN554767.1_cds_CBG27899.1_5030	100.000	858	0	0	1	858	1	858	0.0	1585	858	858
lcl_FN554767.1_cds_CBG27767.1_4900	lcl_FN554766.1_cds_CBG37613.1_4779	98.563	348	5	0	1	348	1	348	5.23e-177	616	348	348
lcl_FN554767.1_cds_CBG27768.1_4901	lcl_FN554766.1_cds_CBG37614.1_4780	98.507	402	6	0	1	402	1	402	0.0	710	402	402
lcl_FN554767.1_cds_CBG27775.1_4908	lcl_FN554766.1_cds_CBG37594.1_4760	98.232	792	14	0	1	792	31	822	0.0	1386	792	822
lcl_FN554767.1_cds_CBG27776.1_4909	lcl_FN554766.1_cds_CBG37593.1_4759	99.174	1089	9	0	1	1089	1	1089	0.0	1962	1089	1089
lcl_FN554767.1_cds_CBG27777.1_4910	lcl_FN554766.1_cds_CBG37592.1_4758	98.843	951	11	0	1	951	1	951	0.0	1696	951	951
lcl_FN554767.1_cds_CBG27781.1_4914	lcl_FN554767.1_cds_CBG27902.1_5033	99.888	891	1	0	1	891	1	891	0.0	1640	891	891
lcl_FN554767.1_cds_CBG27781.1_4914	lcl_FN554767.1_cds_CBG27792.1_4925	99.888	891	1	0	1	891	1	891	0.0	1640	891	891
lcl_FN554767.1_cds_CBG27781.1_4914	lcl_FN554767.1_cds_CBG27904.1_5035	99.439	891	5	0	1	891	1	891	0.0	1618	891	891
lcl_FN554767.1_cds_CBG27782.1_4915	lcl_FN554767.1_cds_CBG27791.1_4924	100.000	327	0	0	1	327	1	327	1.06e-173	604	327	327
lcl_FN554767.1_cds_CBG27782.1_4915	lcl_FN554767.1_cds_CBG27905.1_5036	95.719	327	14	0	1	327	1	327	2.36e-150	527	327	327
lcl_FN554767.1_cds_CBG27782.1_4915	lcl_FN554766.1_cds_CBG37405.1_4571	93.617	282	15	1	1	282	1	279	1.48e-117	418	327	279
lcl_FN554767.1_cds_CBG27787.1_4920	lcl_FN554766.1_cds_CBG37435.1_4601	100.000	276	0	0	1	276	1	276	1.98e-145	510	276	276
lcl_FN554767.1_cds_CBG27787.1_4920	lcl_FN554766.1_cds_CBG34361.1_1527	99.638	276	1	0	1	276	1	276	9.21e-144	505	276	276
lcl_FN554767.1_cds_CBG27787.1_4920	lcl_FN554766.1_cds_CBG32855.1_21	99.638	276	1	0	1	276	1	276	9.21e-144	505	276	276
lcl_FN554767.1_cds_CBG27787.1_4920	lcl_FN554767.1_cds_CBG27803.1_4936	99.275	276	2	0	1	276	1	276	4.29e-142	499	276	276
lcl_FN554767.1_cds_CBG27787.1_4920	lcl_FN554766.1_cds_CBG37649.1_4815	99.275	276	2	0	1	276	1	276	4.29e-142	499	276	276
lcl_FN554767.1_cds_CBG27787.1_4920	lcl_FN554766.1_cds_CBG35424.1_2590	99.275	276	2	0	1	276	1	276	4.29e-142	499	276	276
lcl_FN554767.1_cds_CBG27787.1_4920	lcl_FN554766.1_cds_CBG36941.1_4107	98.188	276	5	0	1	276	1	276	4.32e-137	483	276	276
lcl_FN554767.1_cds_CBG27787.1_4920	lcl_FN554766.1_cds_CBG36911.1_4077	98.188	276	5	0	1	276	1	276	4.32e-137	483	276	276
lcl_FN554767.1_cds_CBG27787.1_4920	lcl_FN554766.1_cds_CBG33422.1_588	98.188	276	5	0	1	276	1	276	4.32e-137	483	276	276
lcl_FN554767.1_cds_CBG27787.1_4920	lcl_FN554766.1_cds_CBG37668.1_4834	92.391	276	21	0	1	276	1	276	2.08e-110	394	276	276
lcl_FN554767.1_cds_CBG27787.1_4920	lcl_FN554766.1_cds_CBG37605.1_4771	91.304	276	24	0	1	276	1	276	2.10e-105	377	276	276
lcl_FN554767.1_cds_CBG27788.1_4921	lcl_FN554767.1_cds_CBG27802.1_4935	100.000	378	0	0	1	378	1	378	0.0	699	378	378
lcl_FN554767.1_cds_CBG27788.1_4921	lcl_FN554766.1_cds_CBG35423.1_2589	100.000	378	0	0	1	378	1	378	0.0	699	378	378
lcl_FN554767.1_cds_CBG27788.1_4921	lcl_FN554766.1_cds_CBG34360.1_1526	100.000	378	0	0	1	378	1	378	0.0	699	378	378
lcl_FN554767.1_cds_CBG27788.1_4921	lcl_FN554766.1_cds_CBG32854.1_20	100.000	378	0	0	1	378	1	378	0.0	699	378	378
lcl_FN554767.1_cds_CBG27791.1_4924	lcl_FN554767.1_cds_CBG27782.1_4915	100.000	327	0	0	1	327	1	327	1.06e-173	604	327	327
lcl_FN554767.1_cds_CBG27791.1_4924	lcl_FN554767.1_cds_CBG27905.1_5036	95.719	327	14	0	1	327	1	327	2.36e-150	527	327	327
lcl_FN554767.1_cds_CBG27791.1_4924	lcl_FN554766.1_cds_CBG37405.1_4571	93.617	282	15	1	1	282	1	279	1.48e-117	418	327	279
lcl_FN554767.1_cds_CBG27792.1_4925	lcl_FN554767.1_cds_CBG27902.1_5033	100.000	891	0	0	1	891	1	891	0.0	1646	891	891
lcl_FN554767.1_cds_CBG27792.1_4925	lcl_FN554767.1_cds_CBG27781.1_4914	99.888	891	1	0	1	891	1	891	0.0	1640	891	891
lcl_FN554767.1_cds_CBG27792.1_4925	lcl_FN554767.1_cds_CBG27904.1_5035	99.327	891	6	0	1	891	1	891	0.0	1613	891	891
lcl_FN554767.1_cds_CBG27802.1_4935	lcl_FN554767.1_cds_CBG27788.1_4921	100.000	378	0	0	1	378	1	378	0.0	699	378	378
lcl_FN554767.1_cds_CBG27802.1_4935	lcl_FN554766.1_cds_CBG35423.1_2589	100.000	378	0	0	1	378	1	378	0.0	699	378	378
lcl_FN554767.1_cds_CBG27802.1_4935	lcl_FN554766.1_cds_CBG34360.1_1526	100.000	378	0	0	1	378	1	378	0.0	699	378	378
lcl_FN554767.1_cds_CBG27802.1_4935	lcl_FN554766.1_cds_CBG32854.1_20	100.000	378	0	0	1	378	1	378	0.0	699	378	378
lcl_FN554767.1_cds_CBG27803.1_4936	lcl_FN554766.1_cds_CBG35424.1_2590	100.000	276	0	0	1	276	1	276	1.98e-145	510	276	276
lcl_FN554767.1_cds_CBG27803.1_4936	lcl_FN554766.1_cds_CBG34361.1_1527	99.638	276	1	0	1	276	1	276	9.21e-144	505	276	276
lcl_FN554767.1_cds_CBG27803.1_4936	lcl_FN554766.1_cds_CBG32855.1_21	99.638	276	1	0	1	276	1	276	9.21e-144	505	276	276
lcl_FN554767.1_cds_CBG27803.1_4936	lcl_FN554767.1_cds_CBG27787.1_4920	99.275	276	2	0	1	276	1	276	4.29e-142	499	276	276
lcl_FN554767.1_cds_CBG27803.1_4936	lcl_FN554766.1_cds_CBG37435.1_4601	99.275	276	2	0	1	276	1	276	4.29e-142	499	276	276
lcl_FN554767.1_cds_CBG27803.1_4936	lcl_FN554766.1_cds_CBG37649.1_4815	98.551	276	4	0	1	276	1	276	9.28e-139	488	276	276
lcl_FN554767.1_cds_CBG27803.1_4936	lcl_FN554766.1_cds_CBG36941.1_4107	97.464	276	7	0	1	276	1	276	9.34e-134	472	276	276
lcl_FN554767.1_cds_CBG27803.1_4936	lcl_FN554766.1_cds_CBG36911.1_4077	97.464	276	7	0	1	276	1	276	9.34e-134	472	276	276
lcl_FN554767.1_cds_CBG27803.1_4936	lcl_FN554766.1_cds_CBG33422.1_588	97.464	276	7	0	1	276	1	276	9.34e-134	472	276	276
lcl_FN554767.1_cds_CBG27803.1_4936	lcl_FN554766.1_cds_CBG37668.1_4834	92.754	276	20	0	1	276	1	276	4.47e-112	399	276	276
lcl_FN554767.1_cds_CBG27803.1_4936	lcl_FN554766.1_cds_CBG37605.1_4771	91.667	276	23	0	1	276	1	276	4.50e-107	383	276	276
lcl_FN554767.1_cds_CBG27899.1_5030	lcl_FN554767.1_cds_CBG27754.1_4887	100.000	858	0	0	1	858	1	858	0.0	1585	858	858
lcl_FN554767.1_cds_CBG27900.1_5031	lcl_FN554767.1_cds_CBG27907.1_5038	100.000	258	0	0	1	258	1	258	1.87e-135	477	258	258
lcl_FN554767.1_cds_CBG27902.1_5033	lcl_FN554767.1_cds_CBG27792.1_4925	100.000	891	0	0	1	891	1	891	0.0	1646	891	891
lcl_FN554767.1_cds_CBG27902.1_5033	lcl_FN554767.1_cds_CBG27781.1_4914	99.888	891	1	0	1	891	1	891	0.0	1640	891	891
lcl_FN554767.1_cds_CBG27902.1_5033	lcl_FN554767.1_cds_CBG27904.1_5035	99.327	891	6	0	1	891	1	891	0.0	1613	891	891
lcl_FN554767.1_cds_CBG27904.1_5035	lcl_FN554767.1_cds_CBG27781.1_4914	99.439	891	5	0	1	891	1	891	0.0	1618	891	891
lcl_FN554767.1_cds_CBG27904.1_5035	lcl_FN554767.1_cds_CBG27902.1_5033	99.327	891	6	0	1	891	1	891	0.0	1613	891	891
lcl_FN554767.1_cds_CBG27904.1_5035	lcl_FN554767.1_cds_CBG27792.1_4925	99.327	891	6	0	1	891	1	891	0.0	1613	891	891
lcl_FN554767.1_cds_CBG27905.1_5036	lcl_FN554767.1_cds_CBG27791.1_4924	95.719	327	14	0	1	327	1	327	2.36e-150	527	327	327
lcl_FN554767.1_cds_CBG27905.1_5036	lcl_FN554767.1_cds_CBG27782.1_4915	95.719	327	14	0	1	327	1	327	2.36e-150	527	327	327
lcl_FN554767.1_cds_CBG27905.1_5036	lcl_FN554766.1_cds_CBG37405.1_4571	93.617	282	15	1	1	282	1	279	1.48e-117	418	327	279
lcl_FN554767.1_cds_CBG27907.1_5038	lcl_FN554767.1_cds_CBG27900.1_5031	100.000	258	0	0	1	258	1	258	1.87e-135	477	258	258
