lcl_FN554766.1_prot_CBG32839.1_5	lcl_FN554766.1_prot_CBG37110.1_4276	100.000	240	0	0	1	240	1	240	0.0	499	240	240
lcl_FN554766.1_prot_CBG32839.1_5	lcl_FN554766.1_prot_CBG35615.1_2781	100.000	240	0	0	1	240	1	240	0.0	499	240	240
lcl_FN554766.1_prot_CBG32839.1_5	lcl_FN554766.1_prot_CBG34387.1_1553	100.000	240	0	0	1	240	1	240	0.0	499	240	240
lcl_FN554766.1_prot_CBG32839.1_5	lcl_FN554766.1_prot_CBG33974.1_1140	99.583	240	1	0	1	240	1	240	0.0	498	240	240
lcl_FN554766.1_prot_CBG32839.1_5	lcl_FN554766.1_prot_CBG33347.1_513	99.583	240	1	0	1	240	1	240	0.0	498	240	240
lcl_FN554766.1_prot_CBG32840.1_6	lcl_FN554766.1_prot_CBG37109.1_4275	100.000	173	0	0	1	173	1	173	3.64e-130	359	173	173
lcl_FN554766.1_prot_CBG32840.1_6	lcl_FN554766.1_prot_CBG34388.1_1554	100.000	173	0	0	1	173	1	173	3.64e-130	359	173	173
lcl_FN554766.1_prot_CBG32840.1_6	lcl_FN554766.1_prot_CBG33975.1_1141	100.000	173	0	0	1	173	1	173	3.64e-130	359	173	173
lcl_FN554766.1_prot_CBG32840.1_6	lcl_FN554766.1_prot_CBG33346.1_512	100.000	173	0	0	1	173	1	173	3.64e-130	359	173	173
lcl_FN554766.1_prot_CBG32840.1_6	lcl_FN554766.1_prot_CBG35614.1_2780	100.000	173	0	0	1	173	4	176	3.74e-130	359	173	176
lcl_FN554766.1_prot_CBG32854.1_20	lcl_FN554767.1_prot_CBG27802.1_4935	100.000	125	0	0	1	125	1	125	9.53e-92	258	125	125
lcl_FN554766.1_prot_CBG32854.1_20	lcl_FN554767.1_prot_CBG27788.1_4921	100.000	125	0	0	1	125	1	125	9.53e-92	258	125	125
lcl_FN554766.1_prot_CBG32854.1_20	lcl_FN554766.1_prot_CBG35423.1_2589	100.000	125	0	0	1	125	1	125	9.53e-92	258	125	125
lcl_FN554766.1_prot_CBG32854.1_20	lcl_FN554766.1_prot_CBG34360.1_1526	100.000	125	0	0	1	125	1	125	9.53e-92	258	125	125
lcl_FN554766.1_prot_CBG32855.1_21	lcl_FN554767.1_prot_CBG27803.1_4936	100.000	91	0	0	1	91	1	91	1.10e-65	189	91	91
lcl_FN554766.1_prot_CBG32855.1_21	lcl_FN554767.1_prot_CBG27787.1_4920	100.000	91	0	0	1	91	1	91	1.10e-65	189	91	91
lcl_FN554766.1_prot_CBG32855.1_21	lcl_FN554766.1_prot_CBG37435.1_4601	100.000	91	0	0	1	91	1	91	1.10e-65	189	91	91
lcl_FN554766.1_prot_CBG32855.1_21	lcl_FN554766.1_prot_CBG35424.1_2590	100.000	91	0	0	1	91	1	91	1.10e-65	189	91	91
lcl_FN554766.1_prot_CBG32855.1_21	lcl_FN554766.1_prot_CBG34361.1_1527	100.000	91	0	0	1	91	1	91	1.10e-65	189	91	91
lcl_FN554766.1_prot_CBG32855.1_21	lcl_FN554766.1_prot_CBG36941.1_4107	98.901	91	1	0	1	91	1	91	3.63e-65	188	91	91
lcl_FN554766.1_prot_CBG32855.1_21	lcl_FN554766.1_prot_CBG36911.1_4077	98.901	91	1	0	1	91	1	91	3.63e-65	188	91	91
lcl_FN554766.1_prot_CBG32855.1_21	lcl_FN554766.1_prot_CBG33422.1_588	98.901	91	1	0	1	91	1	91	3.63e-65	188	91	91
lcl_FN554766.1_prot_CBG32855.1_21	lcl_FN554766.1_prot_CBG37649.1_4815	98.901	91	1	0	1	91	1	91	2.53e-64	186	91	91
lcl_FN554766.1_prot_CBG32855.1_21	lcl_FN554766.1_prot_CBG37668.1_4834	94.505	91	5	0	1	91	1	91	2.02e-63	184	91	91
lcl_FN554766.1_prot_CBG32855.1_21	lcl_FN554766.1_prot_CBG37605.1_4771	93.407	91	6	0	1	91	1	91	1.08e-62	182	91	91
lcl_FN554766.1_prot_CBG33065.1_231	lcl_FN554766.1_prot_CBG33416.1_582	98.413	378	6	0	1	378	1	378	0.0	770	378	378
lcl_FN554766.1_prot_CBG33346.1_512	lcl_FN554766.1_prot_CBG37109.1_4275	100.000	173	0	0	1	173	1	173	3.64e-130	359	173	173
lcl_FN554766.1_prot_CBG33346.1_512	lcl_FN554766.1_prot_CBG34388.1_1554	100.000	173	0	0	1	173	1	173	3.64e-130	359	173	173
lcl_FN554766.1_prot_CBG33346.1_512	lcl_FN554766.1_prot_CBG33975.1_1141	100.000	173	0	0	1	173	1	173	3.64e-130	359	173	173
lcl_FN554766.1_prot_CBG33346.1_512	lcl_FN554766.1_prot_CBG32840.1_6	100.000	173	0	0	1	173	1	173	3.64e-130	359	173	173
lcl_FN554766.1_prot_CBG33346.1_512	lcl_FN554766.1_prot_CBG35614.1_2780	100.000	173	0	0	1	173	4	176	3.74e-130	359	173	176
lcl_FN554766.1_prot_CBG33347.1_513	lcl_FN554766.1_prot_CBG33974.1_1140	100.000	240	0	0	1	240	1	240	0.0	499	240	240
lcl_FN554766.1_prot_CBG33347.1_513	lcl_FN554766.1_prot_CBG37110.1_4276	99.583	240	1	0	1	240	1	240	0.0	498	240	240
lcl_FN554766.1_prot_CBG33347.1_513	lcl_FN554766.1_prot_CBG35615.1_2781	99.583	240	1	0	1	240	1	240	0.0	498	240	240
lcl_FN554766.1_prot_CBG33347.1_513	lcl_FN554766.1_prot_CBG34387.1_1553	99.583	240	1	0	1	240	1	240	0.0	498	240	240
lcl_FN554766.1_prot_CBG33347.1_513	lcl_FN554766.1_prot_CBG32839.1_5	99.583	240	1	0	1	240	1	240	0.0	498	240	240
lcl_FN554766.1_prot_CBG33416.1_582	lcl_FN554766.1_prot_CBG33065.1_231	98.413	378	6	0	1	378	1	378	0.0	770	378	378
lcl_FN554766.1_prot_CBG33421.1_587	lcl_FN554766.1_prot_CBG36940.1_4106	100.000	167	0	0	1	167	1	167	3.45e-126	348	167	167
lcl_FN554766.1_prot_CBG33421.1_587	lcl_FN554766.1_prot_CBG36910.1_4076	100.000	167	0	0	1	167	1	167	3.45e-126	348	167	167
lcl_FN554766.1_prot_CBG33421.1_587	lcl_FN554766.1_prot_CBG37648.1_4814	97.605	167	4	0	1	167	1	167	2.85e-122	338	167	167
lcl_FN554766.1_prot_CBG33421.1_587	lcl_FN554766.1_prot_CBG37434.1_4600	97.006	167	5	0	1	167	1	167	2.96e-121	336	167	167
lcl_FN554766.1_prot_CBG33422.1_588	lcl_FN554766.1_prot_CBG36941.1_4107	100.000	91	0	0	1	91	1	91	6.19e-66	190	91	91
lcl_FN554766.1_prot_CBG33422.1_588	lcl_FN554766.1_prot_CBG36911.1_4077	100.000	91	0	0	1	91	1	91	6.19e-66	190	91	91
lcl_FN554766.1_prot_CBG33422.1_588	lcl_FN554767.1_prot_CBG27803.1_4936	98.901	91	1	0	1	91	1	91	3.63e-65	188	91	91
lcl_FN554766.1_prot_CBG33422.1_588	lcl_FN554767.1_prot_CBG27787.1_4920	98.901	91	1	0	1	91	1	91	3.63e-65	188	91	91
lcl_FN554766.1_prot_CBG33422.1_588	lcl_FN554766.1_prot_CBG37435.1_4601	98.901	91	1	0	1	91	1	91	3.63e-65	188	91	91
lcl_FN554766.1_prot_CBG33422.1_588	lcl_FN554766.1_prot_CBG35424.1_2590	98.901	91	1	0	1	91	1	91	3.63e-65	188	91	91
lcl_FN554766.1_prot_CBG33422.1_588	lcl_FN554766.1_prot_CBG34361.1_1527	98.901	91	1	0	1	91	1	91	3.63e-65	188	91	91
lcl_FN554766.1_prot_CBG33422.1_588	lcl_FN554766.1_prot_CBG32855.1_21	98.901	91	1	0	1	91	1	91	3.63e-65	188	91	91
lcl_FN554766.1_prot_CBG33422.1_588	lcl_FN554766.1_prot_CBG37649.1_4815	97.802	91	2	0	1	91	1	91	7.27e-64	185	91	91
lcl_FN554766.1_prot_CBG33422.1_588	lcl_FN554766.1_prot_CBG37668.1_4834	93.407	91	6	0	1	91	1	91	5.73e-63	182	91	91
lcl_FN554766.1_prot_CBG33422.1_588	lcl_FN554766.1_prot_CBG37605.1_4771	92.308	91	7	0	1	91	1	91	3.21e-62	181	91	91
lcl_FN554766.1_prot_CBG33442.1_608	lcl_FN554766.1_prot_CBG33444.1_610	100.000	50	0	0	1	50	1	50	3.93e-31	99.4	50	50
lcl_FN554766.1_prot_CBG33444.1_610	lcl_FN554766.1_prot_CBG33442.1_608	100.000	50	0	0	1	50	1	50	3.93e-31	99.4	50	50
lcl_FN554766.1_prot_CBG33811.1_977	lcl_FN554766.1_prot_CBG34565.1_1731	93.171	205	14	0	1	205	1	205	4.20e-148	407	205	205
lcl_FN554766.1_prot_CBG33974.1_1140	lcl_FN554766.1_prot_CBG33347.1_513	100.000	240	0	0	1	240	1	240	0.0	499	240	240
lcl_FN554766.1_prot_CBG33974.1_1140	lcl_FN554766.1_prot_CBG37110.1_4276	99.583	240	1	0	1	240	1	240	0.0	498	240	240
lcl_FN554766.1_prot_CBG33974.1_1140	lcl_FN554766.1_prot_CBG35615.1_2781	99.583	240	1	0	1	240	1	240	0.0	498	240	240
lcl_FN554766.1_prot_CBG33974.1_1140	lcl_FN554766.1_prot_CBG34387.1_1553	99.583	240	1	0	1	240	1	240	0.0	498	240	240
lcl_FN554766.1_prot_CBG33974.1_1140	lcl_FN554766.1_prot_CBG32839.1_5	99.583	240	1	0	1	240	1	240	0.0	498	240	240
lcl_FN554766.1_prot_CBG33975.1_1141	lcl_FN554766.1_prot_CBG37109.1_4275	100.000	173	0	0	1	173	1	173	3.64e-130	359	173	173
lcl_FN554766.1_prot_CBG33975.1_1141	lcl_FN554766.1_prot_CBG34388.1_1554	100.000	173	0	0	1	173	1	173	3.64e-130	359	173	173
lcl_FN554766.1_prot_CBG33975.1_1141	lcl_FN554766.1_prot_CBG33346.1_512	100.000	173	0	0	1	173	1	173	3.64e-130	359	173	173
lcl_FN554766.1_prot_CBG33975.1_1141	lcl_FN554766.1_prot_CBG32840.1_6	100.000	173	0	0	1	173	1	173	3.64e-130	359	173	173
lcl_FN554766.1_prot_CBG33975.1_1141	lcl_FN554766.1_prot_CBG35614.1_2780	100.000	173	0	0	1	173	4	176	3.74e-130	359	173	176
lcl_FN554766.1_prot_CBG34093.1_1259	lcl_FN554766.1_prot_CBG34094.1_1260	94.286	35	2	0	1	35	1	35	1.25e-19	69.3	35	35
lcl_FN554766.1_prot_CBG34094.1_1260	lcl_FN554766.1_prot_CBG34093.1_1259	94.286	35	2	0	1	35	1	35	1.25e-19	69.3	35	35
lcl_FN554766.1_prot_CBG34132.1_1298	lcl_FN554766.1_prot_CBG34553.1_1719	89.416	822	87	0	1	822	1	822	0.0	1526	823	823
lcl_FN554766.1_prot_CBG34137.1_1303	lcl_FN554766.1_prot_CBG35027.1_2193	94.444	72	4	0	1	72	1	72	1.67e-46	139	72	72
lcl_FN554766.1_prot_CBG34137.1_1303	lcl_FN554766.1_prot_CBG34550.1_1716	94.444	72	4	0	1	72	1	72	1.67e-46	139	72	72
lcl_FN554766.1_prot_CBG34149.1_1315	lcl_FN554766.1_prot_CBG35019.1_2185	100.000	60	0	0	1	60	1	60	4.53e-39	120	60	60
lcl_FN554766.1_prot_CBG34150.1_1316	lcl_FN554766.1_prot_CBG35018.1_2184	100.000	58	0	0	1	58	1	58	1.51e-38	118	58	58
lcl_FN554766.1_prot_CBG34151.1_1317	lcl_FN554766.1_prot_CBG35017.1_2183	89.831	118	12	0	1	118	1	118	4.11e-79	226	119	119
lcl_FN554766.1_prot_CBG34154.1_1320	lcl_FN554766.1_prot_CBG35015.1_2181	98.851	87	1	0	1	87	1	87	6.65e-63	182	87	87
lcl_FN554766.1_prot_CBG34157.1_1323	lcl_FN554766.1_prot_CBG35012.1_2178	100.000	51	0	0	1	51	1	51	8.44e-32	101	51	51
lcl_FN554766.1_prot_CBG34163.1_1329	lcl_FN554766.1_prot_CBG35009.1_2175	95.989	349	13	1	1	348	1	349	0.0	694	348	349
lcl_FN554766.1_prot_CBG34163.1_1329	lcl_FN554766.1_prot_CBG34534.1_1700	85.387	349	50	1	1	348	1	349	0.0	624	348	349
lcl_FN554766.1_prot_CBG34164.1_1330	lcl_FN554766.1_prot_CBG35008.1_2174	100.000	117	0	0	1	117	1	117	3.48e-83	236	124	118
lcl_FN554766.1_prot_CBG34165.1_1331	lcl_FN554766.1_prot_CBG35007.1_2173	90.842	273	25	0	1	273	1	273	0.0	519	273	273
lcl_FN554766.1_prot_CBG34171.1_1337	lcl_FN554766.1_prot_CBG35001.1_2167	93.220	177	12	0	1	177	1	177	3.79e-125	347	177	177
lcl_FN554766.1_prot_CBG34171.1_1337	lcl_FN554766.1_prot_CBG34528.1_1694	92.000	175	14	0	1	175	1	175	1.36e-122	340	177	182
lcl_FN554766.1_prot_CBG34175.1_1341	lcl_FN554766.1_prot_CBG34522.1_1688	97.403	77	2	0	1	77	1	77	2.88e-51	152	77	77
lcl_FN554766.1_prot_CBG34193.1_1359	lcl_FN554766.1_prot_CBG34507.1_1673	96.330	109	4	0	1	109	1	109	8.43e-76	216	109	109
lcl_FN554766.1_prot_CBG34194.1_1360	lcl_FN554766.1_prot_CBG34506.1_1672	98.707	232	3	0	1	232	1	232	7.30e-175	477	232	232
lcl_FN554766.1_prot_CBG34194.1_1360	lcl_FN554766.1_prot_CBG34333.1_1499	94.828	232	12	0	1	232	1	232	3.82e-169	462	232	232
lcl_FN554766.1_prot_CBG34194.1_1360	lcl_FN554766.1_prot_CBG34963.1_2129	93.966	232	14	0	1	232	1	232	6.69e-168	459	232	232
lcl_FN554766.1_prot_CBG34195.1_1361	lcl_FN554766.1_prot_CBG34962.1_2128	93.927	247	15	0	1	247	15	261	3.34e-179	489	247	261
lcl_FN554766.1_prot_CBG34195.1_1361	lcl_FN554766.1_prot_CBG34505.1_1671	92.308	247	19	0	1	247	1	247	2.25e-175	479	247	247
lcl_FN554766.1_prot_CBG34195.1_1361	lcl_FN554766.1_prot_CBG34334.1_1500	92.308	247	19	0	1	247	1	247	1.24e-174	478	247	247
lcl_FN554766.1_prot_CBG34198.1_1364	lcl_FN554766.1_prot_CBG34336.1_1502	90.682	1159	80	2	1	1159	1	1131	0.0	2174	1159	1131
lcl_FN554766.1_prot_CBG34198.1_1364	lcl_FN554766.1_prot_CBG34960.1_2126	90.682	1159	80	2	1	1159	1	1131	0.0	2166	1159	1131
lcl_FN554766.1_prot_CBG34199.1_1365	lcl_FN554766.1_prot_CBG34337.1_1503	90.452	199	19	0	1	199	1	199	2.27e-136	377	199	199
lcl_FN554766.1_prot_CBG34199.1_1365	lcl_FN554766.1_prot_CBG34959.1_2125	89.950	199	20	0	1	199	1	199	9.12e-136	375	199	199
lcl_FN554766.1_prot_CBG34199.1_1365	lcl_FN554766.1_prot_CBG34502.1_1668	85.930	199	28	0	1	199	1	199	7.14e-128	355	199	199
lcl_FN554766.1_prot_CBG34201.1_1367	lcl_FN554766.1_prot_CBG34500.1_1666	96.335	191	7	0	1	191	1	191	1.89e-136	376	194	191
lcl_FN554766.1_prot_CBG34304.1_1470	lcl_FN554766.1_prot_CBG34543.1_1709	92.647	136	10	0	1	136	1	136	3.55e-90	255	138	140
lcl_FN554766.1_prot_CBG34310.1_1476	lcl_FN554766.1_prot_CBG34530.1_1696	94.366	71	4	0	1	71	1	71	1.47e-45	137	71	71
lcl_FN554766.1_prot_CBG34333.1_1499	lcl_FN554766.1_prot_CBG34194.1_1360	94.828	232	12	0	1	232	1	232	3.82e-169	462	232	232
lcl_FN554766.1_prot_CBG34333.1_1499	lcl_FN554766.1_prot_CBG34506.1_1672	94.397	232	13	0	1	232	1	232	3.01e-167	457	232	232
lcl_FN554766.1_prot_CBG34333.1_1499	lcl_FN554766.1_prot_CBG34963.1_2129	91.379	232	20	0	1	232	1	232	6.51e-164	449	232	232
lcl_FN554766.1_prot_CBG34334.1_1500	lcl_FN554766.1_prot_CBG34505.1_1671	97.166	247	7	0	1	247	1	247	0.0	501	247	247
lcl_FN554766.1_prot_CBG34334.1_1500	lcl_FN554766.1_prot_CBG34962.1_2128	92.713	247	18	0	1	247	15	261	4.45e-178	487	247	261
lcl_FN554766.1_prot_CBG34334.1_1500	lcl_FN554766.1_prot_CBG34195.1_1361	92.308	247	19	0	1	247	1	247	1.24e-174	478	247	247
lcl_FN554766.1_prot_CBG34335.1_1501	lcl_FN554766.1_prot_CBG34961.1_2127	94.505	182	10	0	21	202	1	182	9.46e-124	344	202	182
lcl_FN554766.1_prot_CBG34336.1_1502	lcl_FN554766.1_prot_CBG34960.1_2126	95.844	1131	47	0	1	1131	1	1131	0.0	2250	1131	1131
lcl_FN554766.1_prot_CBG34336.1_1502	lcl_FN554766.1_prot_CBG34198.1_1364	90.682	1159	80	2	1	1131	1	1159	0.0	2174	1131	1159
lcl_FN554766.1_prot_CBG34336.1_1502	lcl_FN554766.1_prot_CBG34503.1_1669	88.606	1141	114	5	1	1130	1	1136	0.0	2069	1131	1137
lcl_FN554766.1_prot_CBG34337.1_1503	lcl_FN554766.1_prot_CBG34959.1_2125	99.497	199	1	0	1	199	1	199	2.98e-149	409	199	199
lcl_FN554766.1_prot_CBG34337.1_1503	lcl_FN554766.1_prot_CBG34199.1_1365	90.452	199	19	0	1	199	1	199	1.29e-129	360	199	199
lcl_FN554766.1_prot_CBG34337.1_1503	lcl_FN554766.1_prot_CBG34502.1_1668	87.437	199	25	0	1	199	1	199	1.06e-127	355	199	199
lcl_FN554766.1_prot_CBG34339.1_1505	lcl_FN554766.1_prot_CBG34957.1_2123	93.548	93	6	0	1	93	1	93	1.78e-62	181	93	93
lcl_FN554766.1_prot_CBG34341.1_1507	lcl_FN554766.1_prot_CBG34955.1_2121	92.632	95	7	0	3	97	1	95	1.01e-65	190	99	95
lcl_FN554766.1_prot_CBG34360.1_1526	lcl_FN554767.1_prot_CBG27802.1_4935	100.000	125	0	0	1	125	1	125	9.53e-92	258	125	125
lcl_FN554766.1_prot_CBG34360.1_1526	lcl_FN554767.1_prot_CBG27788.1_4921	100.000	125	0	0	1	125	1	125	9.53e-92	258	125	125
lcl_FN554766.1_prot_CBG34360.1_1526	lcl_FN554766.1_prot_CBG35423.1_2589	100.000	125	0	0	1	125	1	125	9.53e-92	258	125	125
lcl_FN554766.1_prot_CBG34360.1_1526	lcl_FN554766.1_prot_CBG32854.1_20	100.000	125	0	0	1	125	1	125	9.53e-92	258	125	125
lcl_FN554766.1_prot_CBG34361.1_1527	lcl_FN554767.1_prot_CBG27803.1_4936	100.000	91	0	0	1	91	1	91	1.10e-65	189	91	91
lcl_FN554766.1_prot_CBG34361.1_1527	lcl_FN554767.1_prot_CBG27787.1_4920	100.000	91	0	0	1	91	1	91	1.10e-65	189	91	91
lcl_FN554766.1_prot_CBG34361.1_1527	lcl_FN554766.1_prot_CBG37435.1_4601	100.000	91	0	0	1	91	1	91	1.10e-65	189	91	91
lcl_FN554766.1_prot_CBG34361.1_1527	lcl_FN554766.1_prot_CBG35424.1_2590	100.000	91	0	0	1	91	1	91	1.10e-65	189	91	91
lcl_FN554766.1_prot_CBG34361.1_1527	lcl_FN554766.1_prot_CBG32855.1_21	100.000	91	0	0	1	91	1	91	1.10e-65	189	91	91
lcl_FN554766.1_prot_CBG34361.1_1527	lcl_FN554766.1_prot_CBG36941.1_4107	98.901	91	1	0	1	91	1	91	3.63e-65	188	91	91
lcl_FN554766.1_prot_CBG34361.1_1527	lcl_FN554766.1_prot_CBG36911.1_4077	98.901	91	1	0	1	91	1	91	3.63e-65	188	91	91
lcl_FN554766.1_prot_CBG34361.1_1527	lcl_FN554766.1_prot_CBG33422.1_588	98.901	91	1	0	1	91	1	91	3.63e-65	188	91	91
lcl_FN554766.1_prot_CBG34361.1_1527	lcl_FN554766.1_prot_CBG37649.1_4815	98.901	91	1	0	1	91	1	91	2.53e-64	186	91	91
lcl_FN554766.1_prot_CBG34361.1_1527	lcl_FN554766.1_prot_CBG37668.1_4834	94.505	91	5	0	1	91	1	91	2.02e-63	184	91	91
lcl_FN554766.1_prot_CBG34361.1_1527	lcl_FN554766.1_prot_CBG37605.1_4771	93.407	91	6	0	1	91	1	91	1.08e-62	182	91	91
lcl_FN554766.1_prot_CBG34387.1_1553	lcl_FN554766.1_prot_CBG37110.1_4276	100.000	240	0	0	1	240	1	240	0.0	499	240	240
lcl_FN554766.1_prot_CBG34387.1_1553	lcl_FN554766.1_prot_CBG35615.1_2781	100.000	240	0	0	1	240	1	240	0.0	499	240	240
lcl_FN554766.1_prot_CBG34387.1_1553	lcl_FN554766.1_prot_CBG32839.1_5	100.000	240	0	0	1	240	1	240	0.0	499	240	240
lcl_FN554766.1_prot_CBG34387.1_1553	lcl_FN554766.1_prot_CBG33974.1_1140	99.583	240	1	0	1	240	1	240	0.0	498	240	240
lcl_FN554766.1_prot_CBG34387.1_1553	lcl_FN554766.1_prot_CBG33347.1_513	99.583	240	1	0	1	240	1	240	0.0	498	240	240
lcl_FN554766.1_prot_CBG34388.1_1554	lcl_FN554766.1_prot_CBG37109.1_4275	100.000	173	0	0	1	173	1	173	3.64e-130	359	173	173
lcl_FN554766.1_prot_CBG34388.1_1554	lcl_FN554766.1_prot_CBG33975.1_1141	100.000	173	0	0	1	173	1	173	3.64e-130	359	173	173
lcl_FN554766.1_prot_CBG34388.1_1554	lcl_FN554766.1_prot_CBG33346.1_512	100.000	173	0	0	1	173	1	173	3.64e-130	359	173	173
lcl_FN554766.1_prot_CBG34388.1_1554	lcl_FN554766.1_prot_CBG32840.1_6	100.000	173	0	0	1	173	1	173	3.64e-130	359	173	173
lcl_FN554766.1_prot_CBG34388.1_1554	lcl_FN554766.1_prot_CBG35614.1_2780	100.000	173	0	0	1	173	4	176	3.74e-130	359	173	176
lcl_FN554766.1_prot_CBG34447.1_1613	lcl_FN554766.1_prot_CBG36637.1_3803	98.927	466	5	0	1	466	1	466	0.0	967	466	466
lcl_FN554766.1_prot_CBG34500.1_1666	lcl_FN554766.1_prot_CBG34201.1_1367	96.335	191	7	0	1	191	1	191	1.86e-136	376	191	194
lcl_FN554766.1_prot_CBG34502.1_1668	lcl_FN554766.1_prot_CBG34337.1_1503	87.437	199	25	0	1	199	1	199	1.06e-127	355	199	199
lcl_FN554766.1_prot_CBG34502.1_1668	lcl_FN554766.1_prot_CBG34959.1_2125	86.935	199	26	0	1	199	1	199	4.32e-127	353	199	199
lcl_FN554766.1_prot_CBG34502.1_1668	lcl_FN554766.1_prot_CBG34199.1_1365	85.930	199	28	0	1	199	1	199	5.81e-124	345	199	199
lcl_FN554766.1_prot_CBG34503.1_1669	lcl_FN554766.1_prot_CBG34336.1_1502	88.606	1141	114	5	1	1136	1	1130	0.0	2069	1137	1131
lcl_FN554766.1_prot_CBG34503.1_1669	lcl_FN554766.1_prot_CBG34960.1_2126	87.555	1141	126	6	1	1136	1	1130	0.0	2041	1137	1131
lcl_FN554766.1_prot_CBG34505.1_1671	lcl_FN554766.1_prot_CBG34334.1_1500	97.166	247	7	0	1	247	1	247	0.0	501	247	247
lcl_FN554766.1_prot_CBG34505.1_1671	lcl_FN554766.1_prot_CBG34962.1_2128	92.308	247	19	0	1	247	15	261	8.69e-178	486	247	261
lcl_FN554766.1_prot_CBG34505.1_1671	lcl_FN554766.1_prot_CBG34195.1_1361	92.308	247	19	0	1	247	1	247	2.25e-175	479	247	247
lcl_FN554766.1_prot_CBG34506.1_1672	lcl_FN554766.1_prot_CBG34194.1_1360	98.707	232	3	0	1	232	1	232	7.30e-175	477	232	232
lcl_FN554766.1_prot_CBG34506.1_1672	lcl_FN554766.1_prot_CBG34333.1_1499	94.397	232	13	0	1	232	1	232	3.01e-167	457	232	232
lcl_FN554766.1_prot_CBG34506.1_1672	lcl_FN554766.1_prot_CBG34963.1_2129	93.966	232	14	0	1	232	1	232	5.62e-167	457	232	232
lcl_FN554766.1_prot_CBG34507.1_1673	lcl_FN554766.1_prot_CBG34193.1_1359	96.330	109	4	0	1	109	1	109	8.43e-76	216	109	109
lcl_FN554766.1_prot_CBG34522.1_1688	lcl_FN554766.1_prot_CBG34175.1_1341	97.403	77	2	0	1	77	1	77	2.88e-51	152	77	77
lcl_FN554766.1_prot_CBG34528.1_1694	lcl_FN554766.1_prot_CBG35001.1_2167	93.714	175	11	0	1	175	1	175	9.61e-123	341	182	177
lcl_FN554766.1_prot_CBG34528.1_1694	lcl_FN554766.1_prot_CBG34171.1_1337	92.000	175	14	0	1	175	1	175	1.40e-122	340	182	177
lcl_FN554766.1_prot_CBG34530.1_1696	lcl_FN554766.1_prot_CBG34310.1_1476	94.366	71	4	0	1	71	1	71	1.47e-45	137	71	71
lcl_FN554766.1_prot_CBG34534.1_1700	lcl_FN554766.1_prot_CBG35009.1_2175	85.960	349	49	0	1	349	1	349	0.0	632	349	349
lcl_FN554766.1_prot_CBG34534.1_1700	lcl_FN554766.1_prot_CBG34163.1_1329	85.387	349	50	1	1	349	1	348	0.0	624	349	348
lcl_FN554766.1_prot_CBG34543.1_1709	lcl_FN554766.1_prot_CBG34304.1_1470	92.647	136	10	0	1	136	1	136	3.60e-90	255	140	138
lcl_FN554766.1_prot_CBG34550.1_1716	lcl_FN554766.1_prot_CBG35027.1_2193	100.000	72	0	0	1	72	1	72	1.29e-48	145	72	72
lcl_FN554766.1_prot_CBG34550.1_1716	lcl_FN554766.1_prot_CBG34137.1_1303	94.444	72	4	0	1	72	1	72	1.67e-46	139	72	72
lcl_FN554766.1_prot_CBG34553.1_1719	lcl_FN554766.1_prot_CBG34132.1_1298	89.416	822	87	0	1	822	1	822	0.0	1526	823	823
lcl_FN554766.1_prot_CBG34565.1_1731	lcl_FN554766.1_prot_CBG33811.1_977	93.171	205	14	0	1	205	1	205	4.20e-148	407	205	205
lcl_FN554766.1_prot_CBG34592.1_1758	lcl_FN554766.1_prot_CBG34991.1_2157	90.769	65	6	0	1	65	1	65	1.59e-40	124	70	66
lcl_FN554766.1_prot_CBG34607.1_1773	lcl_FN554766.1_prot_CBG37309.1_4475	90.146	548	54	0	1	548	1	548	0.0	1030	548	548
lcl_FN554766.1_prot_CBG34955.1_2121	lcl_FN554766.1_prot_CBG34341.1_1507	92.632	95	7	0	1	95	3	97	9.70e-66	190	95	99
lcl_FN554766.1_prot_CBG34957.1_2123	lcl_FN554766.1_prot_CBG34339.1_1505	93.548	93	6	0	1	93	1	93	1.78e-62	181	93	93
lcl_FN554766.1_prot_CBG34959.1_2125	lcl_FN554766.1_prot_CBG34337.1_1503	99.497	199	1	0	1	199	1	199	2.98e-149	409	199	199
lcl_FN554766.1_prot_CBG34959.1_2125	lcl_FN554766.1_prot_CBG34199.1_1365	89.950	199	20	0	1	199	1	199	7.79e-129	358	199	199
lcl_FN554766.1_prot_CBG34959.1_2125	lcl_FN554766.1_prot_CBG34502.1_1668	86.935	199	26	0	1	199	1	199	4.32e-127	353	199	199
lcl_FN554766.1_prot_CBG34960.1_2126	lcl_FN554766.1_prot_CBG34336.1_1502	95.844	1131	47	0	1	1131	1	1131	0.0	2250	1131	1131
lcl_FN554766.1_prot_CBG34960.1_2126	lcl_FN554766.1_prot_CBG34198.1_1364	90.682	1159	80	2	1	1131	1	1159	0.0	2166	1131	1159
lcl_FN554766.1_prot_CBG34960.1_2126	lcl_FN554766.1_prot_CBG34503.1_1669	87.555	1141	126	6	1	1130	1	1136	0.0	2041	1131	1137
lcl_FN554766.1_prot_CBG34961.1_2127	lcl_FN554766.1_prot_CBG34335.1_1501	94.505	182	10	0	1	182	21	202	8.52e-124	344	182	202
lcl_FN554766.1_prot_CBG34962.1_2128	lcl_FN554766.1_prot_CBG34195.1_1361	93.927	247	15	0	15	261	1	247	3.53e-179	489	261	247
lcl_FN554766.1_prot_CBG34962.1_2128	lcl_FN554766.1_prot_CBG34334.1_1500	92.713	247	18	0	15	261	1	247	4.70e-178	487	261	247
lcl_FN554766.1_prot_CBG34962.1_2128	lcl_FN554766.1_prot_CBG34505.1_1671	92.308	247	19	0	15	261	1	247	9.18e-178	486	261	247
lcl_FN554766.1_prot_CBG34963.1_2129	lcl_FN554766.1_prot_CBG34194.1_1360	93.966	232	14	0	1	232	1	232	6.69e-168	459	232	232
lcl_FN554766.1_prot_CBG34963.1_2129	lcl_FN554766.1_prot_CBG34506.1_1672	93.966	232	14	0	1	232	1	232	5.62e-167	457	232	232
lcl_FN554766.1_prot_CBG34963.1_2129	lcl_FN554766.1_prot_CBG34333.1_1499	91.379	232	20	0	1	232	1	232	6.51e-164	449	232	232
lcl_FN554766.1_prot_CBG34987.1_2153	lcl_FN554766.1_prot_CBG35261.1_2427	90.071	141	14	0	1	141	1	141	2.14e-92	261	141	141
lcl_FN554766.1_prot_CBG34991.1_2157	lcl_FN554766.1_prot_CBG34592.1_1758	90.769	65	6	0	1	65	1	65	1.50e-40	124	66	70
lcl_FN554766.1_prot_CBG35001.1_2167	lcl_FN554766.1_prot_CBG34171.1_1337	93.220	177	12	0	1	177	1	177	3.79e-125	347	177	177
lcl_FN554766.1_prot_CBG35001.1_2167	lcl_FN554766.1_prot_CBG34528.1_1694	93.714	175	11	0	1	175	1	175	9.35e-123	341	177	182
lcl_FN554766.1_prot_CBG35007.1_2173	lcl_FN554766.1_prot_CBG34165.1_1331	90.842	273	25	0	1	273	1	273	0.0	519	273	273
lcl_FN554766.1_prot_CBG35008.1_2174	lcl_FN554766.1_prot_CBG34164.1_1330	100.000	117	0	0	1	117	1	117	3.31e-83	236	118	124
lcl_FN554766.1_prot_CBG35009.1_2175	lcl_FN554766.1_prot_CBG34163.1_1329	95.989	349	13	1	1	349	1	348	0.0	694	349	348
lcl_FN554766.1_prot_CBG35009.1_2175	lcl_FN554766.1_prot_CBG34534.1_1700	85.960	349	49	0	1	349	1	349	0.0	632	349	349
lcl_FN554766.1_prot_CBG35012.1_2178	lcl_FN554766.1_prot_CBG34157.1_1323	100.000	51	0	0	1	51	1	51	8.44e-32	101	51	51
lcl_FN554766.1_prot_CBG35015.1_2181	lcl_FN554766.1_prot_CBG34154.1_1320	98.851	87	1	0	1	87	1	87	6.65e-63	182	87	87
lcl_FN554766.1_prot_CBG35017.1_2183	lcl_FN554766.1_prot_CBG34151.1_1317	89.831	118	12	0	1	118	1	118	4.11e-79	226	119	119
lcl_FN554766.1_prot_CBG35018.1_2184	lcl_FN554766.1_prot_CBG34150.1_1316	100.000	58	0	0	1	58	1	58	1.51e-38	118	58	58
lcl_FN554766.1_prot_CBG35019.1_2185	lcl_FN554766.1_prot_CBG34149.1_1315	100.000	60	0	0	1	60	1	60	4.53e-39	120	60	60
lcl_FN554766.1_prot_CBG35027.1_2193	lcl_FN554766.1_prot_CBG34550.1_1716	100.000	72	0	0	1	72	1	72	1.29e-48	145	72	72
lcl_FN554766.1_prot_CBG35027.1_2193	lcl_FN554766.1_prot_CBG34137.1_1303	94.444	72	4	0	1	72	1	72	1.67e-46	139	72	72
lcl_FN554766.1_prot_CBG35066.1_2232	lcl_FN554766.1_prot_CBG37616.1_4782	100.000	135	0	0	1	135	1	135	2.72e-102	285	135	135
lcl_FN554766.1_prot_CBG35066.1_2232	lcl_FN554766.1_prot_CBG37341.1_4507	89.431	123	13	0	1	123	1	123	1.37e-82	235	135	129
lcl_FN554766.1_prot_CBG35067.1_2233	lcl_FN554766.1_prot_CBG37617.1_4783	99.471	189	1	0	1	189	1	189	5.76e-144	395	189	189
lcl_FN554766.1_prot_CBG35067.1_2233	lcl_FN554766.1_prot_CBG37340.1_4506	89.418	189	20	0	1	189	1	189	1.21e-127	354	189	189
lcl_FN554766.1_prot_CBG35068.1_2234	lcl_FN554766.1_prot_CBG37618.1_4784	95.161	62	2	1	1	61	1	62	4.30e-29	95.5	64	66
lcl_FN554766.1_prot_CBG35070.1_2236	lcl_FN554766.1_prot_CBG37621.1_4787	95.545	202	9	0	1	202	1	202	1.55e-146	402	202	202
lcl_FN554766.1_prot_CBG35073.1_2239	lcl_FN554766.1_prot_CBG37334.1_4500	97.586	290	7	0	14	303	1	290	0.0	579	303	290
lcl_FN554766.1_prot_CBG35073.1_2239	lcl_FN554766.1_prot_CBG37625.1_4791	96.207	290	11	0	14	303	1	290	0.0	575	303	290
lcl_FN554766.1_prot_CBG35074.1_2240	lcl_FN554766.1_prot_CBG37333.1_4499	87.199	1039	133	0	1	1039	3	1041	0.0	1791	1039	1041
lcl_FN554766.1_prot_CBG35075.1_2241	lcl_FN554766.1_prot_CBG37332.1_4498	97.136	838	24	0	3	840	1	838	0.0	1678	840	838
lcl_FN554766.1_prot_CBG35076.1_2242	lcl_FN554766.1_prot_CBG37331.1_4497	99.338	151	1	0	1	151	1	151	1.99e-113	315	151	151
lcl_FN554766.1_prot_CBG35077.1_2243	lcl_FN554766.1_prot_CBG37330.1_4496	100.000	77	0	0	1	77	1	77	2.28e-55	162	77	77
lcl_FN554766.1_prot_CBG35078.1_2244	lcl_FN554766.1_prot_CBG37329.1_4495	98.162	272	5	0	1	272	1	272	0.0	560	272	272
lcl_FN554766.1_prot_CBG35078.1_2244	lcl_FN554766.1_prot_CBG37628.1_4794	95.956	272	11	0	1	272	1	272	0.0	528	272	272
lcl_FN554766.1_prot_CBG35078.1_2244	lcl_FN554766.1_prot_CBG36049.1_3215	91.544	272	23	0	1	272	1	272	0.0	504	272	272
lcl_FN554766.1_prot_CBG35079.1_2245	lcl_FN554766.1_prot_CBG37328.1_4494	89.308	159	15	1	1	159	1	157	5.58e-107	299	159	157
lcl_FN554766.1_prot_CBG35079.1_2245	lcl_FN554766.1_prot_CBG36050.1_3216	90.683	161	13	1	1	159	1	161	6.74e-102	286	159	161
lcl_FN554766.1_prot_CBG35080.1_2246	lcl_FN554766.1_prot_CBG37630.1_4796	98.773	163	2	0	1	163	1	163	2.50e-118	328	163	163
lcl_FN554766.1_prot_CBG35080.1_2246	lcl_FN554766.1_prot_CBG36051.1_3217	98.773	163	2	0	1	163	1	163	2.50e-118	328	163	163
lcl_FN554766.1_prot_CBG35080.1_2246	lcl_FN554766.1_prot_CBG37327.1_4493	96.933	163	5	0	1	163	1	163	1.66e-115	321	163	163
lcl_FN554766.1_prot_CBG35081.1_2247	lcl_FN554766.1_prot_CBG36052.1_3218	100.000	73	0	0	1	73	1	73	5.84e-53	156	73	73
lcl_FN554766.1_prot_CBG35081.1_2247	lcl_FN554766.1_prot_CBG37631.1_4797	95.890	73	3	0	1	73	1	73	1.34e-50	150	73	73
lcl_FN554766.1_prot_CBG35081.1_2247	lcl_FN554766.1_prot_CBG37326.1_4492	93.151	73	5	0	1	73	1	73	1.00e-49	147	73	73
lcl_FN554766.1_prot_CBG35082.1_2248	lcl_FN554766.1_prot_CBG36053.1_3219	94.915	118	6	0	1	118	1	118	5.80e-83	236	122	125
lcl_FN554766.1_prot_CBG35082.1_2248	lcl_FN554766.1_prot_CBG37325.1_4491	94.915	118	6	0	1	118	1	118	2.76e-82	234	122	125
lcl_FN554766.1_prot_CBG35083.1_2249	lcl_FN554766.1_prot_CBG36054.1_3220	85.484	124	18	0	1	124	1	124	7.30e-75	215	124	125
lcl_FN554766.1_prot_CBG35083.1_2249	lcl_FN554766.1_prot_CBG37324.1_4490	85.484	124	18	0	1	124	1	124	8.70e-75	215	124	125
lcl_FN554766.1_prot_CBG35227.1_2393	lcl_FN554766.1_prot_CBG35230.1_2396	88.221	416	49	0	1	416	1	416	0.0	697	416	416
lcl_FN554766.1_prot_CBG35230.1_2396	lcl_FN554766.1_prot_CBG35227.1_2393	88.221	416	49	0	1	416	1	416	0.0	706	416	416
lcl_FN554766.1_prot_CBG35261.1_2427	lcl_FN554766.1_prot_CBG34987.1_2153	90.071	141	14	0	1	141	1	141	2.14e-92	261	141	141
lcl_FN554766.1_prot_CBG35423.1_2589	lcl_FN554767.1_prot_CBG27802.1_4935	100.000	125	0	0	1	125	1	125	9.53e-92	258	125	125
lcl_FN554766.1_prot_CBG35423.1_2589	lcl_FN554767.1_prot_CBG27788.1_4921	100.000	125	0	0	1	125	1	125	9.53e-92	258	125	125
lcl_FN554766.1_prot_CBG35423.1_2589	lcl_FN554766.1_prot_CBG34360.1_1526	100.000	125	0	0	1	125	1	125	9.53e-92	258	125	125
lcl_FN554766.1_prot_CBG35423.1_2589	lcl_FN554766.1_prot_CBG32854.1_20	100.000	125	0	0	1	125	1	125	9.53e-92	258	125	125
lcl_FN554766.1_prot_CBG35424.1_2590	lcl_FN554767.1_prot_CBG27803.1_4936	100.000	91	0	0	1	91	1	91	1.10e-65	189	91	91
lcl_FN554766.1_prot_CBG35424.1_2590	lcl_FN554767.1_prot_CBG27787.1_4920	100.000	91	0	0	1	91	1	91	1.10e-65	189	91	91
lcl_FN554766.1_prot_CBG35424.1_2590	lcl_FN554766.1_prot_CBG37435.1_4601	100.000	91	0	0	1	91	1	91	1.10e-65	189	91	91
lcl_FN554766.1_prot_CBG35424.1_2590	lcl_FN554766.1_prot_CBG34361.1_1527	100.000	91	0	0	1	91	1	91	1.10e-65	189	91	91
lcl_FN554766.1_prot_CBG35424.1_2590	lcl_FN554766.1_prot_CBG32855.1_21	100.000	91	0	0	1	91	1	91	1.10e-65	189	91	91
lcl_FN554766.1_prot_CBG35424.1_2590	lcl_FN554766.1_prot_CBG36941.1_4107	98.901	91	1	0	1	91	1	91	3.63e-65	188	91	91
lcl_FN554766.1_prot_CBG35424.1_2590	lcl_FN554766.1_prot_CBG36911.1_4077	98.901	91	1	0	1	91	1	91	3.63e-65	188	91	91
lcl_FN554766.1_prot_CBG35424.1_2590	lcl_FN554766.1_prot_CBG33422.1_588	98.901	91	1	0	1	91	1	91	3.63e-65	188	91	91
lcl_FN554766.1_prot_CBG35424.1_2590	lcl_FN554766.1_prot_CBG37649.1_4815	98.901	91	1	0	1	91	1	91	2.53e-64	186	91	91
lcl_FN554766.1_prot_CBG35424.1_2590	lcl_FN554766.1_prot_CBG37668.1_4834	94.505	91	5	0	1	91	1	91	2.02e-63	184	91	91
lcl_FN554766.1_prot_CBG35424.1_2590	lcl_FN554766.1_prot_CBG37605.1_4771	93.407	91	6	0	1	91	1	91	1.08e-62	182	91	91
lcl_FN554766.1_prot_CBG35614.1_2780	lcl_FN554766.1_prot_CBG37109.1_4275	100.000	173	0	0	4	176	1	173	3.81e-130	359	176	173
lcl_FN554766.1_prot_CBG35614.1_2780	lcl_FN554766.1_prot_CBG34388.1_1554	100.000	173	0	0	4	176	1	173	3.81e-130	359	176	173
lcl_FN554766.1_prot_CBG35614.1_2780	lcl_FN554766.1_prot_CBG33975.1_1141	100.000	173	0	0	4	176	1	173	3.81e-130	359	176	173
lcl_FN554766.1_prot_CBG35614.1_2780	lcl_FN554766.1_prot_CBG33346.1_512	100.000	173	0	0	4	176	1	173	3.81e-130	359	176	173
lcl_FN554766.1_prot_CBG35614.1_2780	lcl_FN554766.1_prot_CBG32840.1_6	100.000	173	0	0	4	176	1	173	3.81e-130	359	176	173
lcl_FN554766.1_prot_CBG35615.1_2781	lcl_FN554766.1_prot_CBG37110.1_4276	100.000	240	0	0	1	240	1	240	0.0	499	240	240
lcl_FN554766.1_prot_CBG35615.1_2781	lcl_FN554766.1_prot_CBG34387.1_1553	100.000	240	0	0	1	240	1	240	0.0	499	240	240
lcl_FN554766.1_prot_CBG35615.1_2781	lcl_FN554766.1_prot_CBG32839.1_5	100.000	240	0	0	1	240	1	240	0.0	499	240	240
lcl_FN554766.1_prot_CBG35615.1_2781	lcl_FN554766.1_prot_CBG33974.1_1140	99.583	240	1	0	1	240	1	240	0.0	498	240	240
lcl_FN554766.1_prot_CBG35615.1_2781	lcl_FN554766.1_prot_CBG33347.1_513	99.583	240	1	0	1	240	1	240	0.0	498	240	240
lcl_FN554766.1_prot_CBG35927.1_3093	lcl_FN554766.1_prot_CBG37317.1_4483	88.515	505	58	0	1	505	1	505	0.0	937	505	505
lcl_FN554766.1_prot_CBG35999.1_3165	lcl_FN554766.1_prot_CBG37436.1_4602	99.286	420	3	0	1	420	1	420	0.0	866	421	420
lcl_FN554766.1_prot_CBG36006.1_3172	lcl_FN554766.1_prot_CBG37378.1_4544	98.598	214	3	0	1	214	1	214	1.41e-159	437	214	214
lcl_FN554766.1_prot_CBG36007.1_3173	lcl_FN554766.1_prot_CBG37377.1_4543	100.000	89	0	0	1	89	1	89	6.67e-63	182	89	89
lcl_FN554766.1_prot_CBG36008.1_3174	lcl_FN554766.1_prot_CBG37376.1_4542	96.729	214	5	1	1	212	1	214	3.83e-155	425	212	214
lcl_FN554766.1_prot_CBG36009.1_3175	lcl_FN554766.1_prot_CBG37375.1_4541	97.317	410	11	0	1	410	1	410	0.0	836	410	410
lcl_FN554766.1_prot_CBG36012.1_3178	lcl_FN554766.1_prot_CBG37370.1_4536	94.958	595	30	0	1	595	1	595	0.0	1184	595	595
lcl_FN554766.1_prot_CBG36014.1_3180	lcl_FN554766.1_prot_CBG37345.1_4511	93.651	63	4	0	1	63	1	63	1.08e-42	129	63	63
lcl_FN554766.1_prot_CBG36015.1_3181	lcl_FN554766.1_prot_CBG37344.1_4510	96.104	77	3	0	1	77	1	77	5.19e-52	154	77	77
lcl_FN554766.1_prot_CBG36016.1_3182	lcl_FN554766.1_prot_CBG37343.1_4509	98.068	207	4	0	5	211	1	207	2.20e-152	418	211	207
lcl_FN554766.1_prot_CBG36040.1_3206	lcl_FN554766.1_prot_CBG37425.1_4591	99.739	383	1	0	1	383	1	383	0.0	786	383	383
lcl_FN554766.1_prot_CBG36049.1_3215	lcl_FN554766.1_prot_CBG35078.1_2244	91.544	272	23	0	1	272	1	272	0.0	505	272	272
lcl_FN554766.1_prot_CBG36049.1_3215	lcl_FN554766.1_prot_CBG37628.1_4794	91.544	272	23	0	1	272	1	272	0.0	505	272	272
lcl_FN554766.1_prot_CBG36049.1_3215	lcl_FN554766.1_prot_CBG37329.1_4495	91.176	272	24	0	1	272	1	272	0.0	501	272	272
lcl_FN554766.1_prot_CBG36050.1_3216	lcl_FN554766.1_prot_CBG37328.1_4494	86.957	161	17	1	1	161	1	157	7.55e-106	296	161	157
lcl_FN554766.1_prot_CBG36050.1_3216	lcl_FN554766.1_prot_CBG35079.1_2245	90.683	161	13	1	1	161	1	159	1.11e-101	286	161	159
lcl_FN554766.1_prot_CBG36051.1_3217	lcl_FN554766.1_prot_CBG37630.1_4796	100.000	163	0	0	1	163	1	163	9.72e-120	332	163	163
lcl_FN554766.1_prot_CBG36051.1_3217	lcl_FN554766.1_prot_CBG35080.1_2246	98.773	163	2	0	1	163	1	163	2.50e-118	328	163	163
lcl_FN554766.1_prot_CBG36051.1_3217	lcl_FN554766.1_prot_CBG37327.1_4493	98.160	163	3	0	1	163	1	163	5.71e-117	325	163	163
lcl_FN554766.1_prot_CBG36052.1_3218	lcl_FN554766.1_prot_CBG35081.1_2247	100.000	73	0	0	1	73	1	73	5.84e-53	156	73	73
lcl_FN554766.1_prot_CBG36052.1_3218	lcl_FN554766.1_prot_CBG37631.1_4797	95.890	73	3	0	1	73	1	73	1.34e-50	150	73	73
lcl_FN554766.1_prot_CBG36052.1_3218	lcl_FN554766.1_prot_CBG37326.1_4492	93.151	73	5	0	1	73	1	73	1.00e-49	147	73	73
lcl_FN554766.1_prot_CBG36053.1_3219	lcl_FN554766.1_prot_CBG37325.1_4491	96.800	125	4	0	1	125	1	125	2.90e-89	251	125	125
lcl_FN554766.1_prot_CBG36053.1_3219	lcl_FN554766.1_prot_CBG35082.1_2248	94.915	118	6	0	1	118	1	118	5.94e-83	236	125	122
lcl_FN554766.1_prot_CBG36054.1_3220	lcl_FN554766.1_prot_CBG37324.1_4490	98.400	125	2	0	1	125	1	125	5.89e-91	256	125	125
lcl_FN554766.1_prot_CBG36054.1_3220	lcl_FN554766.1_prot_CBG37633.1_4799	91.129	124	11	0	1	124	1	124	6.93e-83	235	125	124
lcl_FN554766.1_prot_CBG36054.1_3220	lcl_FN554766.1_prot_CBG35083.1_2249	85.484	124	18	0	1	124	1	124	7.35e-75	215	125	124
lcl_FN554766.1_prot_CBG36057.1_3223	lcl_FN554766.1_prot_CBG37322.1_4488	95.000	280	14	0	1	280	1	280	0.0	556	280	280
lcl_FN554766.1_prot_CBG36425.1_3591	lcl_FN554766.1_prot_CBG37171.1_4337	100.000	393	0	0	1	393	1	393	0.0	796	394	394
lcl_FN554766.1_prot_CBG36637.1_3803	lcl_FN554766.1_prot_CBG34447.1_1613	98.927	466	5	0	1	466	1	466	0.0	967	466	466
lcl_FN554766.1_prot_CBG36664.1_3830	lcl_FN554766.1_prot_CBG36667.1_3833	94.286	35	2	0	1	35	1	35	5.03e-19	67.8	35	35
lcl_FN554766.1_prot_CBG36664.1_3830	lcl_FN554766.1_prot_CBG36665.1_3831	94.286	35	2	0	1	35	1	35	5.03e-19	67.8	35	35
lcl_FN554766.1_prot_CBG36664.1_3830	lcl_FN554766.1_prot_CBG36668.1_3834	91.429	35	3	0	1	35	1	35	2.10e-18	66.2	35	35
lcl_FN554766.1_prot_CBG36664.1_3830	lcl_FN554766.1_prot_CBG36666.1_3832	91.429	35	3	0	1	35	1	35	2.10e-18	66.2	35	35
lcl_FN554766.1_prot_CBG36665.1_3831	lcl_FN554766.1_prot_CBG36667.1_3833	100.000	35	0	0	1	35	1	35	9.20e-21	72.4	35	35
lcl_FN554766.1_prot_CBG36665.1_3831	lcl_FN554766.1_prot_CBG36668.1_3834	97.143	35	1	0	1	35	1	35	3.56e-20	70.9	35	35
lcl_FN554766.1_prot_CBG36665.1_3831	lcl_FN554766.1_prot_CBG36666.1_3832	97.143	35	1	0	1	35	1	35	3.56e-20	70.9	35	35
lcl_FN554766.1_prot_CBG36665.1_3831	lcl_FN554766.1_prot_CBG36664.1_3830	94.286	35	2	0	1	35	1	35	5.03e-19	67.8	35	35
lcl_FN554766.1_prot_CBG36666.1_3832	lcl_FN554766.1_prot_CBG36668.1_3834	100.000	35	0	0	1	35	1	35	9.10e-21	72.4	35	35
lcl_FN554766.1_prot_CBG36666.1_3832	lcl_FN554766.1_prot_CBG36667.1_3833	97.143	35	1	0	1	35	1	35	3.56e-20	70.9	35	35
lcl_FN554766.1_prot_CBG36666.1_3832	lcl_FN554766.1_prot_CBG36665.1_3831	97.143	35	1	0	1	35	1	35	3.56e-20	70.9	35	35
lcl_FN554766.1_prot_CBG36666.1_3832	lcl_FN554766.1_prot_CBG36664.1_3830	91.429	35	3	0	1	35	1	35	2.10e-18	66.2	35	35
lcl_FN554766.1_prot_CBG36667.1_3833	lcl_FN554766.1_prot_CBG36665.1_3831	100.000	35	0	0	1	35	1	35	9.20e-21	72.4	35	35
lcl_FN554766.1_prot_CBG36667.1_3833	lcl_FN554766.1_prot_CBG36668.1_3834	97.143	35	1	0	1	35	1	35	3.56e-20	70.9	35	35
lcl_FN554766.1_prot_CBG36667.1_3833	lcl_FN554766.1_prot_CBG36666.1_3832	97.143	35	1	0	1	35	1	35	3.56e-20	70.9	35	35
lcl_FN554766.1_prot_CBG36667.1_3833	lcl_FN554766.1_prot_CBG36664.1_3830	94.286	35	2	0	1	35	1	35	5.03e-19	67.8	35	35
lcl_FN554766.1_prot_CBG36668.1_3834	lcl_FN554766.1_prot_CBG36666.1_3832	100.000	35	0	0	1	35	1	35	9.10e-21	72.4	35	35
lcl_FN554766.1_prot_CBG36668.1_3834	lcl_FN554766.1_prot_CBG36667.1_3833	97.143	35	1	0	1	35	1	35	3.56e-20	70.9	35	35
lcl_FN554766.1_prot_CBG36668.1_3834	lcl_FN554766.1_prot_CBG36665.1_3831	97.143	35	1	0	1	35	1	35	3.56e-20	70.9	35	35
lcl_FN554766.1_prot_CBG36668.1_3834	lcl_FN554766.1_prot_CBG36664.1_3830	91.429	35	3	0	1	35	1	35	2.10e-18	66.2	35	35
lcl_FN554766.1_prot_CBG36910.1_4076	lcl_FN554766.1_prot_CBG36940.1_4106	100.000	167	0	0	1	167	1	167	3.45e-126	348	167	167
lcl_FN554766.1_prot_CBG36910.1_4076	lcl_FN554766.1_prot_CBG33421.1_587	100.000	167	0	0	1	167	1	167	3.45e-126	348	167	167
lcl_FN554766.1_prot_CBG36910.1_4076	lcl_FN554766.1_prot_CBG37648.1_4814	97.605	167	4	0	1	167	1	167	2.85e-122	338	167	167
lcl_FN554766.1_prot_CBG36910.1_4076	lcl_FN554766.1_prot_CBG37434.1_4600	97.006	167	5	0	1	167	1	167	2.96e-121	336	167	167
lcl_FN554766.1_prot_CBG36911.1_4077	lcl_FN554766.1_prot_CBG36941.1_4107	100.000	91	0	0	1	91	1	91	6.19e-66	190	91	91
lcl_FN554766.1_prot_CBG36911.1_4077	lcl_FN554766.1_prot_CBG33422.1_588	100.000	91	0	0	1	91	1	91	6.19e-66	190	91	91
lcl_FN554766.1_prot_CBG36911.1_4077	lcl_FN554767.1_prot_CBG27803.1_4936	98.901	91	1	0	1	91	1	91	3.63e-65	188	91	91
lcl_FN554766.1_prot_CBG36911.1_4077	lcl_FN554767.1_prot_CBG27787.1_4920	98.901	91	1	0	1	91	1	91	3.63e-65	188	91	91
lcl_FN554766.1_prot_CBG36911.1_4077	lcl_FN554766.1_prot_CBG37435.1_4601	98.901	91	1	0	1	91	1	91	3.63e-65	188	91	91
lcl_FN554766.1_prot_CBG36911.1_4077	lcl_FN554766.1_prot_CBG35424.1_2590	98.901	91	1	0	1	91	1	91	3.63e-65	188	91	91
lcl_FN554766.1_prot_CBG36911.1_4077	lcl_FN554766.1_prot_CBG34361.1_1527	98.901	91	1	0	1	91	1	91	3.63e-65	188	91	91
lcl_FN554766.1_prot_CBG36911.1_4077	lcl_FN554766.1_prot_CBG32855.1_21	98.901	91	1	0	1	91	1	91	3.63e-65	188	91	91
lcl_FN554766.1_prot_CBG36911.1_4077	lcl_FN554766.1_prot_CBG37649.1_4815	97.802	91	2	0	1	91	1	91	7.27e-64	185	91	91
lcl_FN554766.1_prot_CBG36911.1_4077	lcl_FN554766.1_prot_CBG37668.1_4834	93.407	91	6	0	1	91	1	91	5.73e-63	182	91	91
lcl_FN554766.1_prot_CBG36911.1_4077	lcl_FN554766.1_prot_CBG37605.1_4771	92.308	91	7	0	1	91	1	91	3.21e-62	181	91	91
lcl_FN554766.1_prot_CBG36940.1_4106	lcl_FN554766.1_prot_CBG36910.1_4076	100.000	167	0	0	1	167	1	167	3.45e-126	348	167	167
lcl_FN554766.1_prot_CBG36940.1_4106	lcl_FN554766.1_prot_CBG33421.1_587	100.000	167	0	0	1	167	1	167	3.45e-126	348	167	167
lcl_FN554766.1_prot_CBG36940.1_4106	lcl_FN554766.1_prot_CBG37648.1_4814	97.605	167	4	0	1	167	1	167	2.85e-122	338	167	167
lcl_FN554766.1_prot_CBG36940.1_4106	lcl_FN554766.1_prot_CBG37434.1_4600	97.006	167	5	0	1	167	1	167	2.96e-121	336	167	167
lcl_FN554766.1_prot_CBG36941.1_4107	lcl_FN554766.1_prot_CBG36911.1_4077	100.000	91	0	0	1	91	1	91	6.19e-66	190	91	91
lcl_FN554766.1_prot_CBG36941.1_4107	lcl_FN554766.1_prot_CBG33422.1_588	100.000	91	0	0	1	91	1	91	6.19e-66	190	91	91
lcl_FN554766.1_prot_CBG36941.1_4107	lcl_FN554767.1_prot_CBG27803.1_4936	98.901	91	1	0	1	91	1	91	3.63e-65	188	91	91
lcl_FN554766.1_prot_CBG36941.1_4107	lcl_FN554767.1_prot_CBG27787.1_4920	98.901	91	1	0	1	91	1	91	3.63e-65	188	91	91
lcl_FN554766.1_prot_CBG36941.1_4107	lcl_FN554766.1_prot_CBG37435.1_4601	98.901	91	1	0	1	91	1	91	3.63e-65	188	91	91
lcl_FN554766.1_prot_CBG36941.1_4107	lcl_FN554766.1_prot_CBG35424.1_2590	98.901	91	1	0	1	91	1	91	3.63e-65	188	91	91
lcl_FN554766.1_prot_CBG36941.1_4107	lcl_FN554766.1_prot_CBG34361.1_1527	98.901	91	1	0	1	91	1	91	3.63e-65	188	91	91
lcl_FN554766.1_prot_CBG36941.1_4107	lcl_FN554766.1_prot_CBG32855.1_21	98.901	91	1	0	1	91	1	91	3.63e-65	188	91	91
lcl_FN554766.1_prot_CBG36941.1_4107	lcl_FN554766.1_prot_CBG37649.1_4815	97.802	91	2	0	1	91	1	91	7.27e-64	185	91	91
lcl_FN554766.1_prot_CBG36941.1_4107	lcl_FN554766.1_prot_CBG37668.1_4834	93.407	91	6	0	1	91	1	91	5.73e-63	182	91	91
lcl_FN554766.1_prot_CBG36941.1_4107	lcl_FN554766.1_prot_CBG37605.1_4771	92.308	91	7	0	1	91	1	91	3.21e-62	181	91	91
lcl_FN554766.1_prot_CBG37109.1_4275	lcl_FN554766.1_prot_CBG34388.1_1554	100.000	173	0	0	1	173	1	173	3.64e-130	359	173	173
lcl_FN554766.1_prot_CBG37109.1_4275	lcl_FN554766.1_prot_CBG33975.1_1141	100.000	173	0	0	1	173	1	173	3.64e-130	359	173	173
lcl_FN554766.1_prot_CBG37109.1_4275	lcl_FN554766.1_prot_CBG33346.1_512	100.000	173	0	0	1	173	1	173	3.64e-130	359	173	173
lcl_FN554766.1_prot_CBG37109.1_4275	lcl_FN554766.1_prot_CBG32840.1_6	100.000	173	0	0	1	173	1	173	3.64e-130	359	173	173
lcl_FN554766.1_prot_CBG37109.1_4275	lcl_FN554766.1_prot_CBG35614.1_2780	100.000	173	0	0	1	173	4	176	3.74e-130	359	173	176
lcl_FN554766.1_prot_CBG37110.1_4276	lcl_FN554766.1_prot_CBG35615.1_2781	100.000	240	0	0	1	240	1	240	0.0	499	240	240
lcl_FN554766.1_prot_CBG37110.1_4276	lcl_FN554766.1_prot_CBG34387.1_1553	100.000	240	0	0	1	240	1	240	0.0	499	240	240
lcl_FN554766.1_prot_CBG37110.1_4276	lcl_FN554766.1_prot_CBG32839.1_5	100.000	240	0	0	1	240	1	240	0.0	499	240	240
lcl_FN554766.1_prot_CBG37110.1_4276	lcl_FN554766.1_prot_CBG33974.1_1140	99.583	240	1	0	1	240	1	240	0.0	498	240	240
lcl_FN554766.1_prot_CBG37110.1_4276	lcl_FN554766.1_prot_CBG33347.1_513	99.583	240	1	0	1	240	1	240	0.0	498	240	240
lcl_FN554766.1_prot_CBG37171.1_4337	lcl_FN554766.1_prot_CBG36425.1_3591	100.000	393	0	0	1	393	1	393	0.0	796	394	394
lcl_FN554766.1_prot_CBG37309.1_4475	lcl_FN554766.1_prot_CBG34607.1_1773	90.146	548	54	0	1	548	1	548	0.0	1030	548	548
lcl_FN554766.1_prot_CBG37317.1_4483	lcl_FN554766.1_prot_CBG35927.1_3093	88.515	505	58	0	1	505	1	505	0.0	937	505	505
lcl_FN554766.1_prot_CBG37322.1_4488	lcl_FN554766.1_prot_CBG36057.1_3223	95.000	280	14	0	1	280	1	280	0.0	556	280	280
lcl_FN554766.1_prot_CBG37324.1_4490	lcl_FN554766.1_prot_CBG36054.1_3220	98.400	125	2	0	1	125	1	125	5.89e-91	256	125	125
lcl_FN554766.1_prot_CBG37324.1_4490	lcl_FN554766.1_prot_CBG37633.1_4799	91.129	124	11	0	1	124	1	124	6.42e-83	236	125	124
lcl_FN554766.1_prot_CBG37324.1_4490	lcl_FN554766.1_prot_CBG35083.1_2249	85.484	124	18	0	1	124	1	124	8.77e-75	215	125	124
lcl_FN554766.1_prot_CBG37325.1_4491	lcl_FN554766.1_prot_CBG36053.1_3219	96.800	125	4	0	1	125	1	125	2.90e-89	251	125	125
lcl_FN554766.1_prot_CBG37325.1_4491	lcl_FN554766.1_prot_CBG35082.1_2248	94.915	118	6	0	1	118	1	118	2.82e-82	234	125	122
lcl_FN554766.1_prot_CBG37326.1_4492	lcl_FN554766.1_prot_CBG37631.1_4797	94.521	73	4	0	1	73	1	73	4.64e-50	149	73	73
lcl_FN554766.1_prot_CBG37326.1_4492	lcl_FN554766.1_prot_CBG36052.1_3218	93.151	73	5	0	1	73	1	73	1.00e-49	147	73	73
lcl_FN554766.1_prot_CBG37326.1_4492	lcl_FN554766.1_prot_CBG35081.1_2247	93.151	73	5	0	1	73	1	73	1.00e-49	147	73	73
lcl_FN554766.1_prot_CBG37327.1_4493	lcl_FN554766.1_prot_CBG37630.1_4796	98.160	163	3	0	1	163	1	163	5.71e-117	325	163	163
lcl_FN554766.1_prot_CBG37327.1_4493	lcl_FN554766.1_prot_CBG36051.1_3217	98.160	163	3	0	1	163	1	163	5.71e-117	325	163	163
lcl_FN554766.1_prot_CBG37327.1_4493	lcl_FN554766.1_prot_CBG35080.1_2246	96.933	163	5	0	1	163	1	163	1.66e-115	321	163	163
lcl_FN554766.1_prot_CBG37328.1_4494	lcl_FN554766.1_prot_CBG35079.1_2245	89.308	159	15	1	1	157	1	159	1.90e-98	278	157	159
lcl_FN554766.1_prot_CBG37328.1_4494	lcl_FN554766.1_prot_CBG36050.1_3216	86.957	161	17	1	1	157	1	161	2.28e-97	275	157	161
lcl_FN554766.1_prot_CBG37329.1_4495	lcl_FN554766.1_prot_CBG35078.1_2244	98.162	272	5	0	1	272	1	272	0.0	560	272	272
lcl_FN554766.1_prot_CBG37329.1_4495	lcl_FN554766.1_prot_CBG37628.1_4794	95.588	272	12	0	1	272	1	272	0.0	526	272	272
lcl_FN554766.1_prot_CBG37329.1_4495	lcl_FN554766.1_prot_CBG36049.1_3215	91.176	272	24	0	1	272	1	272	0.0	501	272	272
lcl_FN554766.1_prot_CBG37330.1_4496	lcl_FN554766.1_prot_CBG35077.1_2243	100.000	77	0	0	1	77	1	77	2.28e-55	162	77	77
lcl_FN554766.1_prot_CBG37331.1_4497	lcl_FN554766.1_prot_CBG35076.1_2242	99.338	151	1	0	1	151	1	151	1.99e-113	315	151	151
lcl_FN554766.1_prot_CBG37332.1_4498	lcl_FN554766.1_prot_CBG35075.1_2241	97.136	838	24	0	1	838	3	840	0.0	1678	838	840
lcl_FN554766.1_prot_CBG37333.1_4499	lcl_FN554766.1_prot_CBG35074.1_2240	87.199	1039	133	0	3	1041	1	1039	0.0	1791	1041	1039
lcl_FN554766.1_prot_CBG37334.1_4500	lcl_FN554766.1_prot_CBG35073.1_2239	97.586	290	7	0	1	290	14	303	0.0	579	290	303
lcl_FN554766.1_prot_CBG37334.1_4500	lcl_FN554766.1_prot_CBG37625.1_4791	95.862	290	12	0	1	290	1	290	0.0	571	290	290
lcl_FN554766.1_prot_CBG37340.1_4506	lcl_FN554766.1_prot_CBG37617.1_4783	89.947	189	19	0	1	189	1	189	3.69e-128	355	189	189
lcl_FN554766.1_prot_CBG37340.1_4506	lcl_FN554766.1_prot_CBG35067.1_2233	89.418	189	20	0	1	189	1	189	1.21e-127	354	189	189
lcl_FN554766.1_prot_CBG37341.1_4507	lcl_FN554766.1_prot_CBG37616.1_4782	89.431	123	13	0	1	123	1	123	1.31e-82	235	129	135
lcl_FN554766.1_prot_CBG37341.1_4507	lcl_FN554766.1_prot_CBG35066.1_2232	89.431	123	13	0	1	123	1	123	1.31e-82	235	129	135
lcl_FN554766.1_prot_CBG37343.1_4509	lcl_FN554766.1_prot_CBG36016.1_3182	98.068	207	4	0	1	207	5	211	2.16e-152	418	207	211
lcl_FN554766.1_prot_CBG37344.1_4510	lcl_FN554766.1_prot_CBG36015.1_3181	96.104	77	3	0	1	77	1	77	5.19e-52	154	77	77
lcl_FN554766.1_prot_CBG37345.1_4511	lcl_FN554766.1_prot_CBG36014.1_3180	93.651	63	4	0	1	63	1	63	1.08e-42	129	63	63
lcl_FN554766.1_prot_CBG37357.1_4523	lcl_FN554766.1_prot_CBG37358.1_4524	94.222	225	13	0	1	225	1	225	3.70e-158	434	225	225
lcl_FN554766.1_prot_CBG37358.1_4524	lcl_FN554766.1_prot_CBG37357.1_4523	94.222	225	13	0	1	225	1	225	3.70e-158	434	225	225
lcl_FN554766.1_prot_CBG37370.1_4536	lcl_FN554766.1_prot_CBG36012.1_3178	94.958	595	30	0	1	595	1	595	0.0	1184	595	595
lcl_FN554766.1_prot_CBG37375.1_4541	lcl_FN554766.1_prot_CBG36009.1_3175	97.317	410	11	0	1	410	1	410	0.0	836	410	410
lcl_FN554766.1_prot_CBG37376.1_4542	lcl_FN554766.1_prot_CBG36008.1_3174	96.729	214	5	1	1	214	1	212	3.86e-155	425	214	212
lcl_FN554766.1_prot_CBG37377.1_4543	lcl_FN554766.1_prot_CBG36007.1_3173	100.000	89	0	0	1	89	1	89	6.67e-63	182	89	89
lcl_FN554766.1_prot_CBG37378.1_4544	lcl_FN554766.1_prot_CBG36006.1_3172	98.598	214	3	0	1	214	1	214	1.41e-159	437	214	214
lcl_FN554766.1_prot_CBG37405.1_4571	lcl_FN554767.1_prot_CBG27791.1_4924	91.489	94	7	1	1	93	1	94	1.48e-53	159	93	108
lcl_FN554766.1_prot_CBG37405.1_4571	lcl_FN554767.1_prot_CBG27782.1_4915	91.489	94	7	1	1	93	1	94	1.48e-53	159	93	108
lcl_FN554766.1_prot_CBG37405.1_4571	lcl_FN554767.1_prot_CBG27905.1_5036	91.489	94	7	1	1	93	1	94	2.00e-49	149	93	108
lcl_FN554766.1_prot_CBG37410.1_4576	lcl_FN554766.1_prot_CBG37413.1_4579	98.939	377	4	0	1	377	1	377	0.0	774	377	377
lcl_FN554766.1_prot_CBG37413.1_4579	lcl_FN554766.1_prot_CBG37410.1_4576	98.939	377	4	0	1	377	1	377	0.0	774	377	377
lcl_FN554766.1_prot_CBG37414.1_4580	lcl_FN554766.1_prot_CBG37582.1_4748	90.737	475	44	0	1	475	1	475	0.0	841	522	537
lcl_FN554766.1_prot_CBG37415.1_4581	lcl_FN554766.1_prot_CBG37581.1_4747	93.966	116	7	0	1	116	1	116	2.34e-80	228	116	116
lcl_FN554766.1_prot_CBG37425.1_4591	lcl_FN554766.1_prot_CBG36040.1_3206	99.739	383	1	0	1	383	1	383	0.0	786	383	383
lcl_FN554766.1_prot_CBG37434.1_4600	lcl_FN554766.1_prot_CBG37648.1_4814	99.401	167	1	0	1	167	1	167	1.40e-125	347	167	167
lcl_FN554766.1_prot_CBG37434.1_4600	lcl_FN554766.1_prot_CBG36940.1_4106	97.006	167	5	0	1	167	1	167	2.96e-121	336	167	167
lcl_FN554766.1_prot_CBG37434.1_4600	lcl_FN554766.1_prot_CBG36910.1_4076	97.006	167	5	0	1	167	1	167	2.96e-121	336	167	167
lcl_FN554766.1_prot_CBG37434.1_4600	lcl_FN554766.1_prot_CBG33421.1_587	97.006	167	5	0	1	167	1	167	2.96e-121	336	167	167
lcl_FN554766.1_prot_CBG37435.1_4601	lcl_FN554767.1_prot_CBG27803.1_4936	100.000	91	0	0	1	91	1	91	1.10e-65	189	91	91
lcl_FN554766.1_prot_CBG37435.1_4601	lcl_FN554767.1_prot_CBG27787.1_4920	100.000	91	0	0	1	91	1	91	1.10e-65	189	91	91
lcl_FN554766.1_prot_CBG37435.1_4601	lcl_FN554766.1_prot_CBG35424.1_2590	100.000	91	0	0	1	91	1	91	1.10e-65	189	91	91
lcl_FN554766.1_prot_CBG37435.1_4601	lcl_FN554766.1_prot_CBG34361.1_1527	100.000	91	0	0	1	91	1	91	1.10e-65	189	91	91
lcl_FN554766.1_prot_CBG37435.1_4601	lcl_FN554766.1_prot_CBG32855.1_21	100.000	91	0	0	1	91	1	91	1.10e-65	189	91	91
lcl_FN554766.1_prot_CBG37435.1_4601	lcl_FN554766.1_prot_CBG36941.1_4107	98.901	91	1	0	1	91	1	91	3.63e-65	188	91	91
lcl_FN554766.1_prot_CBG37435.1_4601	lcl_FN554766.1_prot_CBG36911.1_4077	98.901	91	1	0	1	91	1	91	3.63e-65	188	91	91
lcl_FN554766.1_prot_CBG37435.1_4601	lcl_FN554766.1_prot_CBG33422.1_588	98.901	91	1	0	1	91	1	91	3.63e-65	188	91	91
lcl_FN554766.1_prot_CBG37435.1_4601	lcl_FN554766.1_prot_CBG37649.1_4815	98.901	91	1	0	1	91	1	91	2.53e-64	186	91	91
lcl_FN554766.1_prot_CBG37435.1_4601	lcl_FN554766.1_prot_CBG37668.1_4834	94.505	91	5	0	1	91	1	91	2.02e-63	184	91	91
lcl_FN554766.1_prot_CBG37435.1_4601	lcl_FN554766.1_prot_CBG37605.1_4771	93.407	91	6	0	1	91	1	91	1.08e-62	182	91	91
lcl_FN554766.1_prot_CBG37436.1_4602	lcl_FN554766.1_prot_CBG35999.1_3165	99.286	420	3	0	1	420	1	420	0.0	866	420	421
lcl_FN554766.1_prot_CBG37578.1_4744	lcl_FN554766.1_prot_CBG37636.1_4802	100.000	121	0	0	1	121	16	136	3.74e-86	244	121	136
lcl_FN554766.1_prot_CBG37581.1_4747	lcl_FN554766.1_prot_CBG37415.1_4581	93.966	116	7	0	1	116	1	116	2.34e-80	228	116	116
lcl_FN554766.1_prot_CBG37582.1_4748	lcl_FN554766.1_prot_CBG37414.1_4580	90.737	475	44	0	1	475	1	475	0.0	842	537	522
lcl_FN554766.1_prot_CBG37592.1_4758	lcl_FN554767.1_prot_CBG27777.1_4910	98.418	316	5	0	1	316	1	316	0.0	654	316	316
lcl_FN554766.1_prot_CBG37593.1_4759	lcl_FN554767.1_prot_CBG27776.1_4909	99.169	361	3	0	1	361	1	361	0.0	748	362	362
lcl_FN554766.1_prot_CBG37594.1_4760	lcl_FN554767.1_prot_CBG27775.1_4908	96.958	263	8	0	11	273	1	263	0.0	543	273	263
lcl_FN554766.1_prot_CBG37605.1_4771	lcl_FN554766.1_prot_CBG37668.1_4834	98.901	91	1	0	1	91	1	91	6.86e-65	187	91	91
lcl_FN554766.1_prot_CBG37605.1_4771	lcl_FN554767.1_prot_CBG27803.1_4936	93.407	91	6	0	1	91	1	91	1.08e-62	182	91	91
lcl_FN554766.1_prot_CBG37605.1_4771	lcl_FN554767.1_prot_CBG27787.1_4920	93.407	91	6	0	1	91	1	91	1.08e-62	182	91	91
lcl_FN554766.1_prot_CBG37605.1_4771	lcl_FN554766.1_prot_CBG37435.1_4601	93.407	91	6	0	1	91	1	91	1.08e-62	182	91	91
lcl_FN554766.1_prot_CBG37605.1_4771	lcl_FN554766.1_prot_CBG35424.1_2590	93.407	91	6	0	1	91	1	91	1.08e-62	182	91	91
lcl_FN554766.1_prot_CBG37605.1_4771	lcl_FN554766.1_prot_CBG34361.1_1527	93.407	91	6	0	1	91	1	91	1.08e-62	182	91	91
lcl_FN554766.1_prot_CBG37605.1_4771	lcl_FN554766.1_prot_CBG32855.1_21	93.407	91	6	0	1	91	1	91	1.08e-62	182	91	91
lcl_FN554766.1_prot_CBG37605.1_4771	lcl_FN554766.1_prot_CBG36941.1_4107	92.308	91	7	0	1	91	1	91	3.21e-62	181	91	91
lcl_FN554766.1_prot_CBG37605.1_4771	lcl_FN554766.1_prot_CBG36911.1_4077	92.308	91	7	0	1	91	1	91	3.21e-62	181	91	91
lcl_FN554766.1_prot_CBG37605.1_4771	lcl_FN554766.1_prot_CBG33422.1_588	92.308	91	7	0	1	91	1	91	3.21e-62	181	91	91
lcl_FN554766.1_prot_CBG37605.1_4771	lcl_FN554766.1_prot_CBG37649.1_4815	92.308	91	7	0	1	91	1	91	1.72e-61	179	91	91
lcl_FN554766.1_prot_CBG37613.1_4779	lcl_FN554767.1_prot_CBG27767.1_4900	97.391	115	3	0	1	115	1	115	5.52e-80	227	115	115
lcl_FN554766.1_prot_CBG37614.1_4780	lcl_FN554767.1_prot_CBG27768.1_4901	95.489	133	6	0	1	133	1	133	2.09e-91	258	133	133
lcl_FN554766.1_prot_CBG37616.1_4782	lcl_FN554766.1_prot_CBG35066.1_2232	100.000	135	0	0	1	135	1	135	2.72e-102	285	135	135
lcl_FN554766.1_prot_CBG37616.1_4782	lcl_FN554766.1_prot_CBG37341.1_4507	89.431	123	13	0	1	123	1	123	1.37e-82	235	135	129
lcl_FN554766.1_prot_CBG37617.1_4783	lcl_FN554766.1_prot_CBG35067.1_2233	99.471	189	1	0	1	189	1	189	5.76e-144	395	189	189
lcl_FN554766.1_prot_CBG37617.1_4783	lcl_FN554766.1_prot_CBG37340.1_4506	89.947	189	19	0	1	189	1	189	3.69e-128	355	189	189
lcl_FN554766.1_prot_CBG37618.1_4784	lcl_FN554766.1_prot_CBG35068.1_2234	95.161	62	2	1	1	62	1	61	2.13e-29	96.3	66	64
lcl_FN554766.1_prot_CBG37621.1_4787	lcl_FN554766.1_prot_CBG35070.1_2236	95.545	202	9	0	1	202	1	202	1.55e-146	402	202	202
lcl_FN554766.1_prot_CBG37625.1_4791	lcl_FN554766.1_prot_CBG35073.1_2239	96.207	290	11	0	1	290	14	303	0.0	575	290	303
lcl_FN554766.1_prot_CBG37625.1_4791	lcl_FN554766.1_prot_CBG37334.1_4500	95.862	290	12	0	1	290	1	290	0.0	571	290	290
lcl_FN554766.1_prot_CBG37628.1_4794	lcl_FN554766.1_prot_CBG35078.1_2244	95.956	272	11	0	1	272	1	272	0.0	528	272	272
lcl_FN554766.1_prot_CBG37628.1_4794	lcl_FN554766.1_prot_CBG37329.1_4495	95.588	272	12	0	1	272	1	272	0.0	526	272	272
lcl_FN554766.1_prot_CBG37628.1_4794	lcl_FN554766.1_prot_CBG36049.1_3215	91.544	272	23	0	1	272	1	272	0.0	504	272	272
lcl_FN554766.1_prot_CBG37630.1_4796	lcl_FN554766.1_prot_CBG36051.1_3217	100.000	163	0	0	1	163	1	163	9.72e-120	332	163	163
lcl_FN554766.1_prot_CBG37630.1_4796	lcl_FN554766.1_prot_CBG35080.1_2246	98.773	163	2	0	1	163	1	163	2.50e-118	328	163	163
lcl_FN554766.1_prot_CBG37630.1_4796	lcl_FN554766.1_prot_CBG37327.1_4493	98.160	163	3	0	1	163	1	163	5.71e-117	325	163	163
lcl_FN554766.1_prot_CBG37631.1_4797	lcl_FN554766.1_prot_CBG36052.1_3218	95.890	73	3	0	1	73	1	73	1.34e-50	150	73	73
lcl_FN554766.1_prot_CBG37631.1_4797	lcl_FN554766.1_prot_CBG35081.1_2247	95.890	73	3	0	1	73	1	73	1.34e-50	150	73	73
lcl_FN554766.1_prot_CBG37631.1_4797	lcl_FN554766.1_prot_CBG37326.1_4492	94.521	73	4	0	1	73	1	73	4.64e-50	149	73	73
lcl_FN554766.1_prot_CBG37633.1_4799	lcl_FN554766.1_prot_CBG37324.1_4490	91.129	124	11	0	1	124	1	124	6.37e-83	236	124	125
lcl_FN554766.1_prot_CBG37633.1_4799	lcl_FN554766.1_prot_CBG36054.1_3220	91.129	124	11	0	1	124	1	124	6.88e-83	235	124	125
lcl_FN554766.1_prot_CBG37636.1_4802	lcl_FN554766.1_prot_CBG37578.1_4744	100.000	121	0	0	16	136	1	121	4.20e-86	244	136	121
lcl_FN554766.1_prot_CBG37648.1_4814	lcl_FN554766.1_prot_CBG37434.1_4600	99.401	167	1	0	1	167	1	167	1.40e-125	347	167	167
lcl_FN554766.1_prot_CBG37648.1_4814	lcl_FN554766.1_prot_CBG36940.1_4106	97.605	167	4	0	1	167	1	167	2.85e-122	338	167	167
lcl_FN554766.1_prot_CBG37648.1_4814	lcl_FN554766.1_prot_CBG36910.1_4076	97.605	167	4	0	1	167	1	167	2.85e-122	338	167	167
lcl_FN554766.1_prot_CBG37648.1_4814	lcl_FN554766.1_prot_CBG33421.1_587	97.605	167	4	0	1	167	1	167	2.85e-122	338	167	167
lcl_FN554766.1_prot_CBG37649.1_4815	lcl_FN554767.1_prot_CBG27803.1_4936	98.901	91	1	0	1	91	1	91	2.53e-64	186	91	91
lcl_FN554766.1_prot_CBG37649.1_4815	lcl_FN554767.1_prot_CBG27787.1_4920	98.901	91	1	0	1	91	1	91	2.53e-64	186	91	91
lcl_FN554766.1_prot_CBG37649.1_4815	lcl_FN554766.1_prot_CBG37435.1_4601	98.901	91	1	0	1	91	1	91	2.53e-64	186	91	91
lcl_FN554766.1_prot_CBG37649.1_4815	lcl_FN554766.1_prot_CBG35424.1_2590	98.901	91	1	0	1	91	1	91	2.53e-64	186	91	91
lcl_FN554766.1_prot_CBG37649.1_4815	lcl_FN554766.1_prot_CBG34361.1_1527	98.901	91	1	0	1	91	1	91	2.53e-64	186	91	91
lcl_FN554766.1_prot_CBG37649.1_4815	lcl_FN554766.1_prot_CBG32855.1_21	98.901	91	1	0	1	91	1	91	2.53e-64	186	91	91
lcl_FN554766.1_prot_CBG37649.1_4815	lcl_FN554766.1_prot_CBG36941.1_4107	97.802	91	2	0	1	91	1	91	7.27e-64	185	91	91
lcl_FN554766.1_prot_CBG37649.1_4815	lcl_FN554766.1_prot_CBG36911.1_4077	97.802	91	2	0	1	91	1	91	7.27e-64	185	91	91
lcl_FN554766.1_prot_CBG37649.1_4815	lcl_FN554766.1_prot_CBG33422.1_588	97.802	91	2	0	1	91	1	91	7.27e-64	185	91	91
lcl_FN554766.1_prot_CBG37649.1_4815	lcl_FN554766.1_prot_CBG37668.1_4834	93.407	91	6	0	1	91	1	91	3.83e-62	180	91	91
lcl_FN554766.1_prot_CBG37649.1_4815	lcl_FN554766.1_prot_CBG37605.1_4771	92.308	91	7	0	1	91	1	91	1.72e-61	179	91	91
lcl_FN554766.1_prot_CBG37668.1_4834	lcl_FN554766.1_prot_CBG37605.1_4771	98.901	91	1	0	1	91	1	91	6.86e-65	187	91	91
lcl_FN554766.1_prot_CBG37668.1_4834	lcl_FN554767.1_prot_CBG27803.1_4936	94.505	91	5	0	1	91	1	91	2.02e-63	184	91	91
lcl_FN554766.1_prot_CBG37668.1_4834	lcl_FN554767.1_prot_CBG27787.1_4920	94.505	91	5	0	1	91	1	91	2.02e-63	184	91	91
lcl_FN554766.1_prot_CBG37668.1_4834	lcl_FN554766.1_prot_CBG37435.1_4601	94.505	91	5	0	1	91	1	91	2.02e-63	184	91	91
lcl_FN554766.1_prot_CBG37668.1_4834	lcl_FN554766.1_prot_CBG35424.1_2590	94.505	91	5	0	1	91	1	91	2.02e-63	184	91	91
lcl_FN554766.1_prot_CBG37668.1_4834	lcl_FN554766.1_prot_CBG34361.1_1527	94.505	91	5	0	1	91	1	91	2.02e-63	184	91	91
lcl_FN554766.1_prot_CBG37668.1_4834	lcl_FN554766.1_prot_CBG32855.1_21	94.505	91	5	0	1	91	1	91	2.02e-63	184	91	91
lcl_FN554766.1_prot_CBG37668.1_4834	lcl_FN554766.1_prot_CBG36941.1_4107	93.407	91	6	0	1	91	1	91	5.73e-63	182	91	91
lcl_FN554766.1_prot_CBG37668.1_4834	lcl_FN554766.1_prot_CBG36911.1_4077	93.407	91	6	0	1	91	1	91	5.73e-63	182	91	91
lcl_FN554766.1_prot_CBG37668.1_4834	lcl_FN554766.1_prot_CBG33422.1_588	93.407	91	6	0	1	91	1	91	5.73e-63	182	91	91
lcl_FN554766.1_prot_CBG37668.1_4834	lcl_FN554766.1_prot_CBG37649.1_4815	93.407	91	6	0	1	91	1	91	3.83e-62	180	91	91
lcl_FN554767.1_prot_CBG27754.1_4887	lcl_FN554767.1_prot_CBG27899.1_5030	100.000	285	0	0	1	285	1	285	0.0	582	285	285
lcl_FN554767.1_prot_CBG27767.1_4900	lcl_FN554766.1_prot_CBG37613.1_4779	97.391	115	3	0	1	115	1	115	5.52e-80	227	115	115
lcl_FN554767.1_prot_CBG27768.1_4901	lcl_FN554766.1_prot_CBG37614.1_4780	95.489	133	6	0	1	133	1	133	2.09e-91	258	133	133
lcl_FN554767.1_prot_CBG27775.1_4908	lcl_FN554766.1_prot_CBG37594.1_4760	96.958	263	8	0	1	263	11	273	0.0	543	263	273
lcl_FN554767.1_prot_CBG27776.1_4909	lcl_FN554766.1_prot_CBG37593.1_4759	99.169	361	3	0	1	361	1	361	0.0	748	362	362
lcl_FN554767.1_prot_CBG27777.1_4910	lcl_FN554766.1_prot_CBG37592.1_4758	98.418	316	5	0	1	316	1	316	0.0	654	316	316
lcl_FN554767.1_prot_CBG27781.1_4914	lcl_FN554767.1_prot_CBG27902.1_5033	99.662	296	1	0	1	296	1	296	0.0	613	296	296
lcl_FN554767.1_prot_CBG27781.1_4914	lcl_FN554767.1_prot_CBG27792.1_4925	99.662	296	1	0	1	296	1	296	0.0	613	296	296
lcl_FN554767.1_prot_CBG27781.1_4914	lcl_FN554767.1_prot_CBG27904.1_5035	99.324	296	2	0	1	296	1	296	0.0	609	296	296
lcl_FN554767.1_prot_CBG27782.1_4915	lcl_FN554767.1_prot_CBG27791.1_4924	100.000	108	0	0	1	108	1	108	1.19e-78	223	108	108
lcl_FN554767.1_prot_CBG27782.1_4915	lcl_FN554767.1_prot_CBG27905.1_5036	95.370	108	5	0	1	108	1	108	1.06e-65	191	108	108
lcl_FN554767.1_prot_CBG27782.1_4915	lcl_FN554766.1_prot_CBG37405.1_4571	91.489	94	7	1	1	94	1	93	3.38e-48	146	108	93
lcl_FN554767.1_prot_CBG27787.1_4920	lcl_FN554767.1_prot_CBG27803.1_4936	100.000	91	0	0	1	91	1	91	1.10e-65	189	91	91
lcl_FN554767.1_prot_CBG27787.1_4920	lcl_FN554766.1_prot_CBG37435.1_4601	100.000	91	0	0	1	91	1	91	1.10e-65	189	91	91
lcl_FN554767.1_prot_CBG27787.1_4920	lcl_FN554766.1_prot_CBG35424.1_2590	100.000	91	0	0	1	91	1	91	1.10e-65	189	91	91
lcl_FN554767.1_prot_CBG27787.1_4920	lcl_FN554766.1_prot_CBG34361.1_1527	100.000	91	0	0	1	91	1	91	1.10e-65	189	91	91
lcl_FN554767.1_prot_CBG27787.1_4920	lcl_FN554766.1_prot_CBG32855.1_21	100.000	91	0	0	1	91	1	91	1.10e-65	189	91	91
lcl_FN554767.1_prot_CBG27787.1_4920	lcl_FN554766.1_prot_CBG36941.1_4107	98.901	91	1	0	1	91	1	91	3.63e-65	188	91	91
lcl_FN554767.1_prot_CBG27787.1_4920	lcl_FN554766.1_prot_CBG36911.1_4077	98.901	91	1	0	1	91	1	91	3.63e-65	188	91	91
lcl_FN554767.1_prot_CBG27787.1_4920	lcl_FN554766.1_prot_CBG33422.1_588	98.901	91	1	0	1	91	1	91	3.63e-65	188	91	91
lcl_FN554767.1_prot_CBG27787.1_4920	lcl_FN554766.1_prot_CBG37649.1_4815	98.901	91	1	0	1	91	1	91	2.53e-64	186	91	91
lcl_FN554767.1_prot_CBG27787.1_4920	lcl_FN554766.1_prot_CBG37668.1_4834	94.505	91	5	0	1	91	1	91	2.02e-63	184	91	91
lcl_FN554767.1_prot_CBG27787.1_4920	lcl_FN554766.1_prot_CBG37605.1_4771	93.407	91	6	0	1	91	1	91	1.08e-62	182	91	91
lcl_FN554767.1_prot_CBG27788.1_4921	lcl_FN554767.1_prot_CBG27802.1_4935	100.000	125	0	0	1	125	1	125	9.53e-92	258	125	125
lcl_FN554767.1_prot_CBG27788.1_4921	lcl_FN554766.1_prot_CBG35423.1_2589	100.000	125	0	0	1	125	1	125	9.53e-92	258	125	125
lcl_FN554767.1_prot_CBG27788.1_4921	lcl_FN554766.1_prot_CBG34360.1_1526	100.000	125	0	0	1	125	1	125	9.53e-92	258	125	125
lcl_FN554767.1_prot_CBG27788.1_4921	lcl_FN554766.1_prot_CBG32854.1_20	100.000	125	0	0	1	125	1	125	9.53e-92	258	125	125
lcl_FN554767.1_prot_CBG27791.1_4924	lcl_FN554767.1_prot_CBG27782.1_4915	100.000	108	0	0	1	108	1	108	1.19e-78	223	108	108
lcl_FN554767.1_prot_CBG27791.1_4924	lcl_FN554767.1_prot_CBG27905.1_5036	95.370	108	5	0	1	108	1	108	1.06e-65	191	108	108
lcl_FN554767.1_prot_CBG27791.1_4924	lcl_FN554766.1_prot_CBG37405.1_4571	91.489	94	7	1	1	94	1	93	3.38e-48	146	108	93
lcl_FN554767.1_prot_CBG27792.1_4925	lcl_FN554767.1_prot_CBG27902.1_5033	100.000	296	0	0	1	296	1	296	0.0	615	296	296
lcl_FN554767.1_prot_CBG27792.1_4925	lcl_FN554767.1_prot_CBG27781.1_4914	99.662	296	1	0	1	296	1	296	0.0	613	296	296
lcl_FN554767.1_prot_CBG27792.1_4925	lcl_FN554767.1_prot_CBG27904.1_5035	98.986	296	3	0	1	296	1	296	0.0	608	296	296
lcl_FN554767.1_prot_CBG27802.1_4935	lcl_FN554767.1_prot_CBG27788.1_4921	100.000	125	0	0	1	125	1	125	9.53e-92	258	125	125
lcl_FN554767.1_prot_CBG27802.1_4935	lcl_FN554766.1_prot_CBG35423.1_2589	100.000	125	0	0	1	125	1	125	9.53e-92	258	125	125
lcl_FN554767.1_prot_CBG27802.1_4935	lcl_FN554766.1_prot_CBG34360.1_1526	100.000	125	0	0	1	125	1	125	9.53e-92	258	125	125
lcl_FN554767.1_prot_CBG27802.1_4935	lcl_FN554766.1_prot_CBG32854.1_20	100.000	125	0	0	1	125	1	125	9.53e-92	258	125	125
lcl_FN554767.1_prot_CBG27803.1_4936	lcl_FN554767.1_prot_CBG27787.1_4920	100.000	91	0	0	1	91	1	91	1.10e-65	189	91	91
lcl_FN554767.1_prot_CBG27803.1_4936	lcl_FN554766.1_prot_CBG37435.1_4601	100.000	91	0	0	1	91	1	91	1.10e-65	189	91	91
lcl_FN554767.1_prot_CBG27803.1_4936	lcl_FN554766.1_prot_CBG35424.1_2590	100.000	91	0	0	1	91	1	91	1.10e-65	189	91	91
lcl_FN554767.1_prot_CBG27803.1_4936	lcl_FN554766.1_prot_CBG34361.1_1527	100.000	91	0	0	1	91	1	91	1.10e-65	189	91	91
lcl_FN554767.1_prot_CBG27803.1_4936	lcl_FN554766.1_prot_CBG32855.1_21	100.000	91	0	0	1	91	1	91	1.10e-65	189	91	91
lcl_FN554767.1_prot_CBG27803.1_4936	lcl_FN554766.1_prot_CBG36941.1_4107	98.901	91	1	0	1	91	1	91	3.63e-65	188	91	91
lcl_FN554767.1_prot_CBG27803.1_4936	lcl_FN554766.1_prot_CBG36911.1_4077	98.901	91	1	0	1	91	1	91	3.63e-65	188	91	91
lcl_FN554767.1_prot_CBG27803.1_4936	lcl_FN554766.1_prot_CBG33422.1_588	98.901	91	1	0	1	91	1	91	3.63e-65	188	91	91
lcl_FN554767.1_prot_CBG27803.1_4936	lcl_FN554766.1_prot_CBG37649.1_4815	98.901	91	1	0	1	91	1	91	2.53e-64	186	91	91
lcl_FN554767.1_prot_CBG27803.1_4936	lcl_FN554766.1_prot_CBG37668.1_4834	94.505	91	5	0	1	91	1	91	2.02e-63	184	91	91
lcl_FN554767.1_prot_CBG27803.1_4936	lcl_FN554766.1_prot_CBG37605.1_4771	93.407	91	6	0	1	91	1	91	1.08e-62	182	91	91
lcl_FN554767.1_prot_CBG27899.1_5030	lcl_FN554767.1_prot_CBG27754.1_4887	100.000	285	0	0	1	285	1	285	0.0	582	285	285
lcl_FN554767.1_prot_CBG27900.1_5031	lcl_FN554767.1_prot_CBG27907.1_5038	100.000	85	0	0	1	85	1	85	1.12e-58	171	85	85
lcl_FN554767.1_prot_CBG27902.1_5033	lcl_FN554767.1_prot_CBG27792.1_4925	100.000	296	0	0	1	296	1	296	0.0	615	296	296
lcl_FN554767.1_prot_CBG27902.1_5033	lcl_FN554767.1_prot_CBG27781.1_4914	99.662	296	1	0	1	296	1	296	0.0	613	296	296
lcl_FN554767.1_prot_CBG27902.1_5033	lcl_FN554767.1_prot_CBG27904.1_5035	98.986	296	3	0	1	296	1	296	0.0	608	296	296
lcl_FN554767.1_prot_CBG27904.1_5035	lcl_FN554767.1_prot_CBG27781.1_4914	99.324	296	2	0	1	296	1	296	0.0	609	296	296
lcl_FN554767.1_prot_CBG27904.1_5035	lcl_FN554767.1_prot_CBG27902.1_5033	98.986	296	3	0	1	296	1	296	0.0	608	296	296
lcl_FN554767.1_prot_CBG27904.1_5035	lcl_FN554767.1_prot_CBG27792.1_4925	98.986	296	3	0	1	296	1	296	0.0	608	296	296
lcl_FN554767.1_prot_CBG27905.1_5036	lcl_FN554767.1_prot_CBG27791.1_4924	95.370	108	5	0	1	108	1	108	1.04e-69	201	108	108
lcl_FN554767.1_prot_CBG27905.1_5036	lcl_FN554767.1_prot_CBG27782.1_4915	95.370	108	5	0	1	108	1	108	1.04e-69	201	108	108
lcl_FN554767.1_prot_CBG27905.1_5036	lcl_FN554766.1_prot_CBG37405.1_4571	91.489	94	7	1	1	94	1	93	3.61e-48	146	108	93
lcl_FN554767.1_prot_CBG27907.1_5038	lcl_FN554767.1_prot_CBG27900.1_5031	100.000	85	0	0	1	85	1	85	1.12e-58	171	85	85
